0 0 -1 0 0 -1 0.000000000 0.927211761 0.072788239
1 0 -1 0 1 -1 0.000000000 0.258688152 0.741311848
2 0 -1 0 2 -1 0.000000000 0.246869326 0.753130674
3 0 -1 1 0 -1 0.000000000 0.701462984 0.298537016
4 0 -1 1 1 -1 0.000000000 0.150212824 0.849787176
5 0 -1 1 2 -1 0.000000000 0.000126059 0.999873936
6 0 -1 2 0 -1 0.819204330 0.125755399 0.055040255
7 0 -1 2 1 -1 0.000434161 0.627597272 0.371968597
8 0 -1 2 2 -1 0.000001998 0.416610211 0.583387792
9 0 -1 3 0 -1 0.946218789 0.035538536 0.018242650
10 0 -1 3 1 -1 0.001424587 0.842200279 0.156375155
11 0 -1 3 2 -1 0.000001349 0.314776361 0.685222328
12 0 -1 4 0 -1 0.000150668 0.999849319 0.000000000
13 0 -1 4 1 -1 0.000014453 0.999985576 0.000000000
14 0 -1 4 2 -1 0.000000663 0.999999344 0.000000000
15 0 -1 5 0 -1 0.000032004 0.999967992 0.000000000
16 0 -1 5 1 -1 0.000000588 0.999999404 0.000000000
17 0 -1 5 2 -1 0.000000500 0.999999523 0.000000000
18 1 0 0 0 0 0.000000000 0.907707751 0.092292249
19 1 0 0 0 1 0.000000000 0.805421114 0.194578871
20 1 0 0 0 2 0.000000000 0.924851894 0.075148083
21 1 0 0 1 0 0.000000000 0.999922633 0.000077375
22 1 0 0 1 1 0.000000000 0.476834506 0.523165464
23 1 0 0 1 2 0.000000000 0.415720195 0.584279835
24 1 0 0 2 0 0.000000000 0.999996781 0.000003208
25 1 0 0 2 1 0.000000000 0.999996185 0.000003818
26 1 0 0 2 2 0.000000000 0.000161690 0.999838293
27 1 0 1 0 0 0.000000000 0.000000712 0.999999285
28 1 0 1 0 1 0.000000000 0.928539991 0.071459994
29 1 0 1 0 2 0.000000000 0.992654443 0.007345576
30 1 0 1 1 0 0.000000000 0.999950290 0.000049703
31 1 0 1 1 1 0.000000000 0.000003325 0.999996662
32 1 0 1 1 2 0.000000000 0.682496548 0.317503452
33 1 0 1 2 0 0.000000000 0.988792539 0.011207461
34 1 0 1 2 1 0.000000000 0.988368928 0.011631073
35 1 0 1 2 2 0.000000000 0.003962438 0.996037543
36 1 0 2 0 0 0.000002374 0.348096639 0.651900947
37 1 0 2 0 1 0.964341462 0.000004260 0.035654251
38 1 0 2 0 2 0.999972701 0.000001199 0.000026111
39 1 0 2 1 0 0.999995589 0.000002217 0.000002217
40 1 0 2 1 1 0.000011084 0.084803797 0.915185094
41 1 0 2 1 2 0.274659336 0.725151718 0.000188951
42 1 0 2 2 0 0.935687065 0.059143346 0.005169582
43 1 0 2 2 1 0.172156662 0.786033690 0.041809671
44 1 0 2 2 2 0.013208125 0.042084493 0.944707394
45 1 0 3 0 0 0.000000198 0.205312341 0.794687450
46 1 0 3 0 1 0.999994099 0.000000476 0.000005447
47 1 0 3 0 2 0.999985278 0.000001365 0.000013366
48 1 0 3 1 0 0.999990463 0.000000650 0.000008883
49 1 0 3 1 1 0.000001350 0.200013012 0.799985647
50 1 0 3 1 2 0.001478456 0.648505390 0.350016147
51 1 0 3 2 0 0.999982417 0.000000692 0.000016871
52 1 0 3 2 1 0.581108987 0.418864250 0.000026758
53 1 0 3 2 2 0.004171243 0.004171243 0.991657495
54 1 0 4 0 0 0.000002919 0.999997079 0.000000000
55 1 0 4 0 1 0.999989390 0.000010608 0.000000000
56 1 0 4 0 2 0.999996424 0.000003584 0.000000000
57 1 0 4 1 0 0.987522483 0.012477512 0.000000000
58 1 0 4 1 1 0.000001845 0.999998152 0.000000000
59 1 0 4 1 2 0.089296602 0.910703421 0.000000000
60 1 0 4 2 0 0.537210047 0.462789923 0.000000000
61 1 0 4 2 1 0.596249282 0.403750688 0.000000000
62 1 0 4 2 2 0.000001012 0.999998987 0.000000000
63 1 0 5 0 0 0.000000356 0.999999642 0.000000000
64 1 0 5 0 1 0.999994993 0.000004982 0.000000000
65 1 0 5 0 2 0.999951541 0.000048470 0.000000000
66 1 0 5 1 0 0.966548383 0.033451602 0.000000000
67 1 0 5 1 1 0.000001663 0.999998331 0.000000000
68 1 0 5 1 2 0.000006497 0.999993503 0.000000000
69 1 0 5 2 0 0.176776767 0.823223233 0.000000000
70 1 0 5 2 1 0.170338437 0.829661548 0.000000000
71 1 0 5 2 2 0.001989100 0.998010874 0.000000000
72 1 1 0 0 0 0.000000000 0.002324042 0.997675955
73 1 1 0 0 1 0.000000000 0.001143638 0.998856366
74 1 1 0 0 2 0.000000000 0.000619670 0.999380350
75 1 1 0 1 0 0.000000000 0.992553830 0.007446195
76 1 1 0 1 1 0.000000000 0.509448230 0.490551770
77 1 1 0 1 2 0.000000000 0.558861256 0.441138744
78 1 1 0 2 0 0.000000000 0.920301795 0.079698205
79 1 1 0 2 1 0.000000000 0.999961436 0.000038564
80 1 1 0 2 2 0.000000000 0.191398114 0.808601916
81 1 1 1 0 0 0.000000000 0.000008505 0.999991477
82 1 1 1 0 1 0.000000000 0.002011008 0.997988999
83 1 1 1 0 2 0.000000000 0.617410541 0.382589489
84 1 1 1 1 0 0.000000000 0.999952495 0.000047476
85 1 1 1 1 1 0.000000000 0.000002660 0.999997318
86 1 1 1 1 2 0.000000000 0.626105249 0.373894751
87 1 1 1 2 0 0.000000000 0.560401857 0.439598143
88 1 1 1 2 1 0.000000000 0.999883711 0.000116291
89 1 1 1 2 2 0.000000000 0.000004662 0.999995351
90 1 1 2 0 0 0.000005296 0.000007241 0.999987483
91 1 1 2 0 1 0.999989152 0.000005296 0.000005548
92 1 1 2 0 2 0.631983519 0.000005296 0.368011206
93 1 1 2 1 0 0.980780005 0.000001061 0.019218953
94 1 1 2 1 1 0.000001061 0.222122878 0.777876079
95 1 1 2 1 2 0.696053684 0.303919703 0.000026602
96 1 1 2 2 0 0.245208740 0.732254028 0.022537231
97 1 1 2 2 1 0.698742092 0.301226676 0.000031249
98 1 1 2 2 2 0.000002314 0.000003322 0.999994338
99 1 1 3 0 0 0.000984259 0.000984259 0.998031497
100 1 1 3 0 1 0.906942427 0.002000161 0.091057397
101 1 1 3 0 2 0.217423692 0.006332968 0.776243329
102 1 1 3 1 0 0.999989450 0.000000226 0.000010315
103 1 1 3 1 1 0.000000441 0.000000441 0.999999106
104 1 1 3 1 2 0.469605446 0.528899074 0.001495482
105 1 1 3 2 0 0.000379315 0.999576569 0.000044137
106 1 1 3 2 1 0.511542320 0.488432467 0.000025186
107 1 1 3 2 2 0.000001155 0.000001155 0.999997675
108 1 1 4 0 0 0.000003439 0.999996543 0.000000000
109 1 1 4 0 1 0.999996543 0.000003435 0.000000000
110 1 1 4 0 2 0.999996185 0.000003841 0.000000000
111 1 1 4 1 0 0.999954760 0.000045245 0.000000000
112 1 1 4 1 1 0.000000687 0.999999285 0.000000000
113 1 1 4 1 2 0.796352744 0.203647256 0.000000000
114 1 1 4 2 0 0.680453181 0.319546819 0.000000000
115 1 1 4 2 1 0.494991928 0.505008101 0.000000000
116 1 1 4 2 2 0.000000410 0.999999583 0.000000000
117 1 1 5 0 0 0.000003972 0.999996006 0.000000000
118 1 1 5 0 1 0.999996006 0.000003980 0.000000000
119 1 1 5 0 2 0.999989629 0.000010382 0.000000000
120 1 1 5 1 0 0.983235776 0.016764237 0.000000000
121 1 1 5 1 1 0.000000796 0.999999225 0.000000000
122 1 1 5 1 2 0.997567892 0.002432126 0.000000000
123 1 1 5 2 0 0.286232263 0.713767767 0.000000000
124 1 1 5 2 1 0.654132783 0.345867217 0.000000000
125 1 1 5 2 2 0.000001199 0.999998808 0.000000000
126 1 2 0 0 0 0.000000000 0.043606944 0.956393063
127 1 2 0 0 1 0.000000000 0.006452072 0.993547916
128 1 2 0 0 2 0.000000000 0.973665893 0.026334126
129 1 2 0 1 0 0.000000000 0.971052110 0.028947877
130 1 2 0 1 1 0.000000000 0.007144991 0.992855012
131 1 2 0 1 2 0.000000000 0.991457760 0.008542250
132 1 2 0 2 0 0.000000000 0.999895871 0.000104109
133 1 2 0 2 1 0.000000000 0.097317465 0.902682543
134 1 2 0 2 2 0.000000000 0.925717771 0.074282207
135 1 2 1 0 0 0.000000000 0.000001673 0.999998331
136 1 2 1 0 1 0.000000000 0.612165689 0.387834340
137 1 2 1 0 2 0.000000000 0.440584421 0.559415579
138 1 2 1 1 0 0.000000000 0.461096823 0.538903177
139 1 2 1 1 1 0.000000000 0.000001061 0.999998927
140 1 2 1 1 2 0.000000000 0.741371989 0.258628011
141 1 2 1 2 0 0.000000000 0.864017844 0.135982156
142 1 2 1 2 1 0.000000000 0.638741076 0.361258894
143 1 2 1 2 2 0.000000000 0.000002884 0.999997139
144 1 2 2 0 0 0.000001115 0.000007736 0.999991119
145 1 2 2 0 1 0.864695549 0.000013722 0.135290742
146 1 2 2 0 2 0.986466348 0.000027338 0.013506335
147 1 2 2 1 0 0.999977469 0.000006055 0.000016485
148 1 2 2 1 1 0.000000881 0.000010030 0.999989092
149 1 2 2 1 2 0.554643393 0.444882393 0.000474241
150 1 2 2 2 0 0.263482898 0.736467481 0.000049630
151 1 2 2 2 1 0.578255236 0.421703160 0.000041621
152 1 2 2 2 2 0.000001530 0.000006364 0.999992132
153 1 2 3 0 0 0.000038624 0.000572814 0.999388576
154 1 2 3 0 1 0.187117159 0.001968971 0.810913861
155 1 2 3 0 2 0.999568224 0.000001730 0.000430060
156 1 2 3 1 0 0.996601343 0.000000511 0.003398132
157 1 2 3 1 1 0.000035653 0.000331101 0.999633253
158 1 2 3 1 2 0.444307059 0.555673003 0.000019938
159 1 2 3 2 0 0.000005094 0.999946952 0.000047971
160 1 2 3 2 1 0.446859241 0.552825809 0.000314967
161 1 2 3 2 2 0.000000772 0.000001001 0.999998212
162 1 2 4 0 0 0.000002642 0.999997377 0.000000000
163 1 2 4 0 1 0.999997437 0.000002543 0.000000000
164 1 2 4 0 2 0.999904037 0.000095937 0.000000000
165 1 2 4 1 0 0.999986827 0.000013200 0.000000000
166 1 2 4 1 1 0.000000385 0.999999642 0.000000000
167 1 2 4 1 2 0.997537971 0.002462030 0.000000000
168 1 2 4 2 0 0.229720309 0.770279706 0.000000000
169 1 2 4 2 1 0.999952912 0.000047098 0.000000000
170 1 2 4 2 2 0.000014422 0.999985576 0.000000000
171 1 2 5 0 0 0.000000837 0.999999166 0.000000000
172 1 2 5 0 1 0.999810636 0.000189354 0.000000000
173 1 2 5 0 2 0.999998510 0.000001495 0.000000000
174 1 2 5 1 0 0.990113735 0.009886293 0.000000000
175 1 2 5 1 1 0.000000294 0.999999702 0.000000000
176 1 2 5 1 2 0.998064458 0.001935558 0.000000000
177 1 2 5 2 0 0.000706193 0.999293804 0.000000000
178 1 2 5 2 1 0.947807372 0.052192643 0.000000000
179 1 2 5 2 2 0.000001148 0.999998868 0.000000000
180 1 3 0 0 0 0.000000000 0.001038983 0.998961031
181 1 3 0 0 1 0.000000000 0.877086401 0.122913592
182 1 3 0 0 2 0.000000000 0.441117972 0.558882058
183 1 3 0 1 0 0.000000000 0.999989927 0.000010061
184 1 3 0 1 1 0.000000000 0.001070311 0.998929679
185 1 3 0 1 2 0.000000000 0.872106016 0.127893999
186 1 3 0 2 0 0.000000000 0.922635436 0.077364549
187 1 3 0 2 1 0.000000000 0.279881954 0.720118046
188 1 3 0 2 2 0.000000000 0.464554518 0.535445511
189 1 3 1 0 0 0.000000000 0.000023883 0.999976099
190 1 3 1 0 1 0.000000000 0.998146176 0.001853840
191 1 3 1 0 2 0.000000000 0.000366535 0.999633491
192 1 3 1 1 0 0.000000000 0.999997318 0.000002686
193 1 3 1 1 1 0.000000000 0.000004070 0.999995947
194 1 3 1 1 2 0.000000000 0.573839128 0.426160902
195 1 3 1 2 0 0.000000000 0.580529451 0.419470549
196 1 3 1 2 1 0.000000000 0.479135811 0.520864189
197 1 3 1 2 2 0.000000000 0.000014136 0.999985874
198 1 3 2 0 0 0.000012100 0.000012293 0.999975622
199 1 3 2 0 1 0.568840742 0.000015074 0.431144208
200 1 3 2 0 2 0.691229224 0.000012100 0.308758706
201 1 3 2 1 0 0.999768734 0.000002952 0.000228314
202 1 3 2 1 1 0.000001790 0.000002852 0.999995351
203 1 3 2 1 2 0.492554545 0.507399857 0.000045608
204 1 3 2 2 0 0.074781865 0.883912265 0.041305870
205 1 3 2 2 1 0.380212635 0.535286963 0.084500417
206 1 3 2 2 2 0.000001142 0.300950378 0.699048460
207 1 3 3 0 0 0.001100983 0.001100983 0.997798026
208 1 3 3 0 1 0.999785721 0.000002337 0.000211928
209 1 3 3 0 2 0.012056551 0.000002801 0.987940669
210 1 3 3 1 0 0.999983013 0.000000489 0.000016527
211 1 3 3 1 1 0.000104925 0.000104925 0.999790132
212 1 3 3 1 2 0.707572460 0.292416036 0.000011465
213 1 3 3 2 0 0.000000120 0.999917448 0.000082425
214 1 3 3 2 1 0.006062630 0.992935658 0.001001723
215 1 3 3 2 2 0.000000238 0.000000238 0.999999523
216 1 3 4 0 0 0.000001718 0.999998271 0.000000000
217 1 3 4 0 1 0.999986053 0.000013960 0.000000000
218 1 3 4 0 2 0.999996901 0.000003070 0.000000000
219 1 3 4 1 0 0.983257473 0.016742509 0.000000000
220 1 3 4 1 1 0.000000169 0.999999821 0.000000000
221 1 3 4 1 2 0.999917567 0.000082425 0.000000000
222 1 3 4 2 0 0.553054988 0.446945012 0.000000000
223 1 3 4 2 1 0.606578112 0.393421888 0.000000000
224 1 3 4 2 2 0.000000310 0.999999702 0.000000000
225 1 3 5 0 0 0.000009075 0.999990940 0.000000000
226 1 3 5 0 1 0.995104671 0.004895344 0.000000000
227 1 3 5 0 2 0.999989152 0.000010832 0.000000000
228 1 3 5 1 0 0.500000000 0.500000000 0.000000000
229 1 3 5 1 1 0.000001343 0.999998629 0.000000000
230 1 3 5 1 2 0.941484272 0.058515754 0.000000000
231 1 3 5 2 0 0.067664444 0.932335556 0.000000000
232 1 3 5 2 1 0.523739457 0.476260543 0.000000000
233 1 3 5 2 2 0.000000856 0.999999166 0.000000000
234 1 4 0 0 0 0.000000000 0.003981194 0.996018827
235 1 4 0 0 1 0.000000000 0.999741554 0.000258463
236 1 4 0 0 2 0.000000000 0.000403620 0.999596357
237 1 4 0 1 0 0.000000000 0.994604290 0.005395697
238 1 4 0 1 1 0.000000000 0.997158110 0.002841890
239 1 4 0 1 2 0.000000000 0.001734047 0.998265982
240 1 4 0 2 0 0.000000000 0.927708268 0.072291747
241 1 4 0 2 1 0.000000000 0.999722958 0.000277026
242 1 4 0 2 2 0.000000000 0.000356234 0.999643743
243 1 4 1 0 0 0.000000000 0.000000837 0.999999166
244 1 4 1 0 1 0.000000000 0.951003790 0.048996188
245 1 4 1 0 2 0.000000000 0.471835405 0.528164566
246 1 4 1 1 0 0.000000000 0.999996901 0.000003106
247 1 4 1 1 1 0.000000000 0.000001884 0.999998093
248 1 4 1 1 2 0.000000000 0.869414866 0.130585134
249 1 4 1 2 0 0.000000000 0.501838148 0.498161852
250 1 4 1 2 1 0.000000000 0.401973516 0.598026454
251 1 4 1 2 2 0.000000000 0.000003805 0.999996185
252 1 4 2 0 0 0.000000558 0.020121176 0.979878247
253 1 4 2 0 1 0.885594368 0.000000558 0.114405088
254 1 4 2 0 2 0.802800775 0.000000558 0.197198689
255 1 4 2 1 0 0.981268167 0.000000488 0.018731318
256 1 4 2 1 1 0.000000196 0.381689131 0.618310630
257 1 4 2 1 2 0.718173802 0.281757504 0.000068698
258 1 4 2 2 0 0.182622626 0.763798714 0.053578679
259 1 4 2 2 1 0.329137862 0.604802430 0.066059694
260 1 4 2 2 2 0.000000167 0.343169451 0.656830370
261 1 4 3 0 0 0.000824163 0.000824163 0.998351693
262 1 4 3 0 1 0.783294141 0.000003282 0.216702595
263 1 4 3 0 2 0.008129316 0.008129316 0.983741343
264 1 4 3 1 0 0.999862611 0.000005911 0.000131503
265 1 4 3 1 1 0.000001376 0.000001376 0.999997258
266 1 4 3 1 2 0.401570886 0.503616214 0.094812870
267 1 4 3 2 0 0.000000354 0.999934018 0.000065625
268 1 4 3 2 1 0.312642783 0.687284112 0.000073119
269 1 4 3 2 2 0.000921000 0.000921000 0.998157978
270 1 4 4 0 0 0.000004941 0.999995053 0.000000000
271 1 4 4 0 1 0.980957687 0.019042302 0.000000000
272 1 4 4 0 2 0.999995053 0.000004924 0.000000000
273 1 4 4 1 0 0.999618590 0.000381411 0.000000000
274 1 4 4 1 1 0.000724158 0.999275863 0.000000000
275 1 4 4 1 2 0.991355479 0.008644494 0.000000000
276 1 4 4 2 0 0.600563049 0.399436980 0.000000000
277 1 4 4 2 1 0.610913754 0.389086276 0.000000000
278 1 4 4 2 2 0.000000492 0.999999523 0.000000000
279 1 4 5 0 0 0.000000418 0.999999583 0.000000000
280 1 4 5 0 1 0.999884963 0.000115066 0.000000000
281 1 4 5 0 2 0.999998868 0.000001119 0.000000000
282 1 4 5 1 0 0.485716641 0.514283359 0.000000000
283 1 4 5 1 1 0.000000428 0.999999583 0.000000000
284 1 4 5 1 2 0.453879684 0.546120346 0.000000000
285 1 4 5 2 0 0.248428732 0.751571298 0.000000000
286 1 4 5 2 1 0.613817394 0.386182636 0.000000000
287 1 4 5 2 2 0.000001023 0.999998987 0.000000000
