0 0.000000000 0.842283010 0.157716990
1 0.000000000 0.530585229 0.469414771
2 0.000000000 0.265340984 0.734659016
3 0.000000000 0.745399833 0.254600137
4 0.000000000 0.329481512 0.670518458
5 0.000000000 0.114735618 0.885264397
6 0.653879941 0.203009769 0.143110290
7 0.179949179 0.508322299 0.311728507
8 0.013777567 0.245636106 0.740586340
9 0.709763050 0.257389486 0.032847453
10 0.147704184 0.724503696 0.127792135
11 0.021734936 0.432548225 0.545716822
12 0.021171121 0.978828907 0.000000000
13 0.021873130 0.978126884 0.000000000
14 0.038543906 0.961456120 0.000000000
15 0.000534396 0.999465585 0.000000000
16 0.035931177 0.964068830 0.000000000
17 0.039399143 0.960600853 0.000000000
18 0.000000000 0.809447587 0.190552384
19 0.000000000 0.936408401 0.063591622
20 0.000000000 0.862440169 0.137559831
21 0.000000000 0.994785011 0.005214998
22 0.000000000 0.483471632 0.516528368
23 0.000000000 0.834121287 0.165878683
24 0.000000000 0.980015874 0.019984111
25 0.000000000 0.963838577 0.036161397
26 0.000000000 0.223281965 0.776718020
27 0.000000000 0.454013675 0.545986354
28 0.000000000 0.842248797 0.157751203
29 0.000000000 0.923417509 0.076582469
30 0.000000000 0.939686775 0.060313202
31 0.000000000 0.030892264 0.969107747
32 0.000000000 0.890908062 0.109091967
33 0.000000000 0.993499637 0.006500341
34 0.000000000 0.918643177 0.081356831
35 0.000000000 0.007413265 0.992586732
36 0.030442968 0.697976828 0.271580189
37 0.978192329 0.000000000 0.021807671
38 1.000000000 0.000000000 0.000000000
39 0.990172088 0.000000000 0.009827917
40 0.008056165 0.762235105 0.229708731
41 0.493547589 0.461262256 0.045190174
42 0.947136521 0.030159272 0.022704192
43 0.331083536 0.627437472 0.041478984
44 0.023068961 0.158930153 0.818000853
45 0.016251957 0.300009549 0.683738530
46 0.942756593 0.026606131 0.030637303
47 0.948792040 0.001037844 0.050170127
48 1.000000000 0.000000000 0.000000000
49 0.006472728 0.631704807 0.361822456
50 0.432031691 0.498527169 0.069441140
51 1.000000000 0.000000000 0.000000000
52 0.647723854 0.319912732 0.032363396
53 0.087029457 0.257087469 0.655883074
54 0.007969311 0.992030680 0.000000000
55 1.000000000 0.000000000 0.000000000
56 0.993651867 0.006348123 0.000000000
57 1.000000000 0.000000000 0.000000000
58 0.000000000 1.000000000 0.000000000
59 0.823722422 0.176277548 0.000000000
60 0.925237596 0.074762411 0.000000000
61 0.897413254 0.102586716 0.000000000
62 0.000000000 1.000000000 0.000000000
63 0.000000000 1.000000000 0.000000000
64 1.000000000 0.000000000 0.000000000
65 1.000000000 0.000000000 0.000000000
66 1.000000000 0.000000000 0.000000000
67 0.000000000 1.000000000 0.000000000
68 0.504578114 0.495421857 0.000000000
69 0.757847250 0.242152736 0.000000000
70 1.000000000 0.000000000 0.000000000
71 0.045619089 0.954380929 0.000000000
72 0.000000000 0.154492155 0.845507860
73 0.000000000 0.475811452 0.524188578
74 0.000000000 0.226253510 0.773746490
75 0.000000000 0.937109053 0.062890939
76 0.000000000 0.398570240 0.601429760
77 0.000000000 0.680500984 0.319499046
78 0.000000000 0.967857838 0.032142159
79 0.000000000 0.938830793 0.061169229
80 0.000000000 0.022399567 0.977600455
81 0.000000000 0.033663392 0.966336608
82 0.000000000 0.581596732 0.418403298
83 0.000000000 0.801400781 0.198599204
84 0.000000000 0.924230754 0.075769238
85 0.000000000 0.001622598 0.998377383
86 0.000000000 0.849485815 0.150514200
87 0.000000000 0.658847153 0.341152847
88 0.000000000 0.497070849 0.502929151
89 0.000000000 0.000237801 0.999762177
90 0.011609770 0.040610574 0.947779655
91 0.804702640 0.000000000 0.195297360
92 0.862945080 0.000000000 0.137054890
93 0.956762612 0.017365744 0.025871640
94 0.000000000 0.029442223 0.970557749
95 0.401023716 0.557987511 0.040988803
96 0.099210627 0.774470925 0.126318440
97 0.501393318 0.422273636 0.076333061
98 0.046670549 0.042719759 0.910609663
99 0.036431868 0.158973932 0.804594219
100 0.814369082 0.000000000 0.185630903
101 0.910733640 0.031992223 0.057274163
102 1.000000000 0.000000000 0.000000000
103 0.019683657 0.103251062 0.877065301
104 0.279658526 0.693548977 0.026792478
105 0.187990546 0.790149391 0.021860056
106 0.443975866 0.517274439 0.038749680
107 0.099881597 0.226485699 0.673632681
108 0.005803375 0.994196653 0.000000000
109 1.000000000 0.000000000 0.000000000
110 0.998345912 0.001654070 0.000000000
111 0.995730698 0.004269307 0.000000000
112 0.000000000 1.000000000 0.000000000
113 0.908155262 0.091844723 0.000000000
114 0.631746233 0.368253797 0.000000000
115 0.910315692 0.089684330 0.000000000
116 0.015964972 0.984035015 0.000000000
117 0.012992742 0.987007260 0.000000000
118 0.965125918 0.034874108 0.000000000
119 0.925277829 0.074722186 0.000000000
120 0.989722550 0.010277479 0.000000000
121 0.013589921 0.986410081 0.000000000
122 0.337060332 0.662939668 0.000000000
123 0.660924375 0.339075625 0.000000000
124 0.980829954 0.019170024 0.000000000
125 0.045402993 0.954596996 0.000000000
126 0.000000000 0.158769831 0.841230154
127 0.000000000 0.663454592 0.336545378
128 0.000000000 0.949047446 0.050952531
129 0.000000000 0.796024084 0.203975901
130 0.000000000 0.063510247 0.936489761
131 0.000000000 0.966985762 0.033014249
132 0.000000000 0.975797355 0.024202639
133 0.000000000 0.935688436 0.064311594
134 0.000000000 0.588935733 0.411064297
135 0.000000000 0.047911391 0.952088594
136 0.000000000 0.512188137 0.487811834
137 0.000000000 0.352694809 0.647305191
138 0.000000000 0.861647844 0.138352156
139 0.000000000 0.000000000 1.000000000
140 0.000000000 0.489814460 0.510185540
141 0.000000000 0.789297402 0.210702598
142 0.000000000 0.688786507 0.311213493
143 0.000000000 0.009363200 0.990636826
144 0.051849786 0.065832026 0.882318199
145 1.000000000 0.000000000 0.000000000
146 0.960037589 0.000000000 0.039962433
147 1.000000000 0.000000000 0.000000000
148 0.031473693 0.161145464 0.807380855
149 0.356062770 0.531363606 0.112573616
150 0.215336293 0.738774717 0.045888998
151 0.354009330 0.578758180 0.067232519
152 0.021291573 0.323994696 0.654713690
153 0.000000000 0.079784483 0.920215487
154 0.968311608 0.007297838 0.024390552
155 0.926422358 0.000000000 0.073577620
156 1.000000000 0.000000000 0.000000000
157 0.000000000 0.201867759 0.798132241
158 0.350977659 0.628323674 0.020698665
159 0.053727709 0.907484353 0.038787961
160 0.414937913 0.532348514 0.052713566
161 0.000000000 0.144938633 0.855061352
162 0.026815265 0.973184764 0.000000000
163 1.000000000 0.000000000 0.000000000
164 0.979769051 0.020230927 0.000000000
165 1.000000000 0.000000000 0.000000000
166 0.000000000 1.000000000 0.000000000
167 0.758848667 0.241151333 0.000000000
168 0.440863192 0.559136808 0.000000000
169 0.474728525 0.525271475 0.000000000
170 0.000000000 1.000000000 0.000000000
171 0.025273832 0.974726140 0.000000000
172 1.000000000 0.000000000 0.000000000
173 1.000000000 0.000000000 0.000000000
174 1.000000000 0.000000000 0.000000000
175 0.000000000 1.000000000 0.000000000
176 0.906428635 0.093571387 0.000000000
177 0.475056380 0.524943590 0.000000000
178 0.884712994 0.115286998 0.000000000
179 0.020044979 0.979955018 0.000000000
180 0.000000000 0.061412785 0.938587189
181 0.000000000 0.761157274 0.238842741
182 0.000000000 0.359663129 0.640336871
183 0.000000000 1.000000000 0.000000000
184 0.000000000 0.004487179 0.995512843
185 0.000000000 0.798108637 0.201891392
186 0.000000000 0.848236859 0.151763156
187 0.000000000 0.702183604 0.297816426
188 0.000000000 0.312424362 0.687575638
189 0.000000000 0.026256375 0.973743618
190 0.000000000 0.823442161 0.176557854
191 0.000000000 0.009007967 0.990992010
192 0.000000000 1.000000000 0.000000000
193 0.000000000 0.004688285 0.995311737
194 0.000000000 0.857824266 0.142175704
195 0.000000000 0.641868353 0.358131677
196 0.000000000 0.614648044 0.385351956
197 0.000000000 0.024470620 0.975529373
198 0.024032395 0.013947023 0.962020576
199 0.881034732 0.000000000 0.118965290
200 0.731966197 0.000000000 0.268033803
201 0.992026448 0.007395051 0.000578525
202 0.038423926 0.000000000 0.961576045
203 0.528196335 0.443045229 0.028758418
204 0.070354871 0.820328951 0.109316163
205 0.257638872 0.664707363 0.077653743
206 0.057413392 0.242461950 0.700124681
207 0.000000000 0.187432826 0.812567174
208 0.951488316 0.000000000 0.048511658
209 0.854110837 0.010021771 0.135867387
210 0.974028528 0.005550984 0.020420477
211 0.000000000 0.000000000 1.000000000
212 0.607851088 0.390712410 0.001436506
213 0.011914987 0.988085032 0.000000000
214 0.142771676 0.802676558 0.054551754
215 0.035707712 0.142494470 0.821797788
216 0.007969159 0.992030859 0.000000000
217 1.000000000 0.000000000 0.000000000
218 1.000000000 0.000000000 0.000000000
219 0.951502919 0.048497058 0.000000000
220 0.013692552 0.986307442 0.000000000
221 0.989782870 0.010217135 0.000000000
222 0.311223954 0.688776016 0.000000000
223 0.582484365 0.417515606 0.000000000
224 0.000966947 0.999033034 0.000000000
225 0.008784957 0.991215050 0.000000000
226 0.889625311 0.110374697 0.000000000
227 1.000000000 0.000000000 0.000000000
228 0.639980495 0.360019535 0.000000000
229 0.021074299 0.978925705 0.000000000
230 0.902430892 0.097569123 0.000000000
231 0.011112761 0.988887250 0.000000000
232 0.294596523 0.705403447 0.000000000
233 0.026164077 0.973835945 0.000000000
234 0.000000000 0.251452446 0.748547554
235 0.000000000 0.648837805 0.351162225
236 0.000000000 0.523304343 0.476695657
237 0.000000000 0.972691715 0.027308309
238 0.000000000 0.078512609 0.921487391
239 0.000000000 0.700050414 0.299949616
240 0.000000000 0.893057644 0.106942348
241 0.000000000 0.726222575 0.273777425
242 0.000000000 0.404204458 0.595795512
243 0.000000000 0.026192211 0.973807812
244 0.000000000 0.851362288 0.148637727
245 0.000000000 0.494489193 0.505510807
246 0.000000000 0.978502393 0.021497630
247 0.000000000 0.000000000 1.000000000
248 0.000000000 0.772290766 0.227709219
249 0.000000000 0.566442668 0.433557302
250 0.000000000 0.530242145 0.469757885
251 0.000000000 0.005588466 0.994411528
252 0.004234788 0.027079716 0.968685508
253 0.866526961 0.000000000 0.133473039
254 0.692068517 0.000000000 0.307931483
255 0.977912426 0.011380431 0.010707144
256 0.018723480 0.004586336 0.976690173
257 0.575265706 0.302278310 0.122455992
258 0.075095430 0.872941017 0.051963583
259 0.308564693 0.574065685 0.117369592
260 0.018815083 0.046740014 0.934444904
261 0.039302967 0.206153497 0.754543543
262 0.787502527 0.114844732 0.097652726
263 0.773539126 0.038831510 0.187629372
264 0.981769681 0.018230312 0.000000000
265 0.040634416 0.124128185 0.835237384
266 0.693926334 0.279128671 0.026944997
267 0.011154259 0.954672575 0.034173172
268 0.164746135 0.746621609 0.088632248
269 0.026483919 0.140258461 0.833257616
270 0.166663542 0.833336473 0.000000000
271 1.000000000 0.000000000 0.000000000
272 1.000000000 0.000000000 0.000000000
273 1.000000000 0.000000000 0.000000000
274 0.024985222 0.975014806 0.000000000
275 0.981460929 0.018539084 0.000000000
276 0.197952002 0.802047968 0.000000000
277 0.404130846 0.595869184 0.000000000
278 0.051036131 0.948963881 0.000000000
279 0.014201790 0.985798180 0.000000000
280 0.958031535 0.041968491 0.000000000
281 1.000000000 0.000000000 0.000000000
282 0.930791616 0.069208376 0.000000000
283 0.000000000 1.000000000 0.000000000
284 0.959558725 0.040441278 0.000000000
285 0.130888179 0.869111836 0.000000000
286 0.711002946 0.288997054 0.000000000
287 0.041185215 0.958814800 0.000000000
