0 0.000000000 0.809153855 0.190846130
1 0.000000000 0.545469940 0.454530060
2 0.000000000 0.369045019 0.630954981
3 0.000000000 0.829924345 0.170075640
4 0.000000000 0.356665462 0.643334568
5 0.000000000 0.096350178 0.903649807
6 0.647072732 0.284836113 0.068091169
7 0.109534785 0.489629030 0.400836170
8 0.000251232 0.245616093 0.754132688
9 0.714112997 0.245821700 0.040065289
10 0.381392628 0.476598322 0.142009050
11 0.000000000 0.250439495 0.749560475
12 0.000240796 0.999759197 0.000000000
13 0.000000000 1.000000000 0.000000000
14 0.000906667 0.999093354 0.000000000
15 0.000482492 0.999517500 0.000000000
16 0.000035539 0.999964476 0.000000000
17 0.000017742 0.999982238 0.000000000
18 0.000000000 0.841199696 0.158800289
19 0.000000000 0.944650114 0.055349898
20 0.000000000 0.829399586 0.170600429
21 0.000000000 0.999636948 0.000363026
22 0.000000000 0.896822572 0.103177406
23 0.000000000 0.642847419 0.357152551
24 0.000000000 0.996958613 0.003041375
25 0.000000000 0.993044436 0.006955551
26 0.000000000 0.086449854 0.913550138
27 0.000000000 0.494038641 0.505961359
28 0.000000000 0.911523104 0.088476889
29 0.000000000 0.970765829 0.029234173
30 0.000000000 0.946246326 0.053753644
31 0.000000000 0.150960371 0.849039614
32 0.000000000 0.656092048 0.343907982
33 0.000000000 0.999182761 0.000817214
34 0.000000000 0.992578387 0.007421623
35 0.000000000 0.006578859 0.993421137
36 0.000000000 0.464525610 0.535474420
37 1.000000000 0.000000000 0.000000000
38 0.979885578 0.000139723 0.019974675
39 0.997839332 0.000186881 0.001973801
40 0.000000000 0.722652376 0.277347624
41 0.262611330 0.724924147 0.012464510
42 0.991247475 0.002491909 0.006260635
43 0.812219858 0.184087902 0.003692260
44 0.000000000 0.005523557 0.994476438
45 0.000000000 0.044318855 0.955681145
46 0.999797046 0.000182828 0.000020143
47 0.977955520 0.000177212 0.021867255
48 0.999718070 0.000281949 0.000000000
49 0.000000000 0.236888111 0.763111889
50 0.434930593 0.521397710 0.043671694
51 0.998447061 0.000481204 0.001071708
52 0.746045589 0.252856910 0.001097509
53 0.000000000 0.063142762 0.936857224
54 0.001541084 0.998458922 0.000000000
55 0.995578587 0.004421409 0.000000000
56 1.000000000 0.000000000 0.000000000
57 1.000000000 0.000000000 0.000000000
58 0.000000000 1.000000000 0.000000000
59 0.709574878 0.290425092 0.000000000
60 0.176424652 0.823575377 0.000000000
61 0.922856808 0.077143207 0.000000000
62 0.000000000 1.000000000 0.000000000
63 0.000000000 1.000000000 0.000000000
64 1.000000000 0.000000000 0.000000000
65 1.000000000 0.000000000 0.000000000
66 0.995001554 0.004998466 0.000000000
67 0.000000000 1.000000000 0.000000000
68 0.794252872 0.205747128 0.000000000
69 0.000000000 1.000000000 0.000000000
70 0.000000000 1.000000000 0.000000000
71 0.000000000 1.000000000 0.000000000
72 0.000000000 0.403431654 0.596568346
73 0.000000000 0.892149448 0.107850559
74 0.000000000 0.437242955 0.562757075
75 0.000000000 0.863761127 0.136238873
76 0.000000000 0.408291459 0.591708541
77 0.000000000 0.635203898 0.364796072
78 0.000000000 0.915760040 0.084239945
79 0.000000000 0.939212501 0.060787492
80 0.000000000 0.117979906 0.882020116
81 0.000000000 0.000089916 0.999910057
82 0.000000000 0.686480939 0.313519031
83 0.000000000 0.689915001 0.310085028
84 0.000000000 0.837644875 0.162355095
85 0.000000000 0.000214560 0.999785423
86 0.000000000 0.903674185 0.096325815
87 0.000000000 0.340249300 0.659750700
88 0.000000000 0.759261966 0.240738034
89 0.000000000 0.002147977 0.997852027
90 0.000000000 0.000060944 0.999939084
91 0.936296284 0.000000000 0.063703716
92 0.953099191 0.000115843 0.046784990
93 0.938482761 0.003217298 0.058299948
94 0.000000000 0.066717587 0.933282435
95 0.471821815 0.506392717 0.021785442
96 0.272135198 0.566729546 0.161135271
97 0.625527263 0.348761559 0.025711162
98 0.000000000 0.017411919 0.982588053
99 0.000000000 0.000000000 1.000000000
100 0.940989435 0.000000000 0.059010554
101 0.927203476 0.000000000 0.072796531
102 0.947704911 0.000000000 0.052295089
103 0.000000000 0.006201230 0.993798792
104 0.209825635 0.748459220 0.041715164
105 0.233570874 0.755367875 0.011061257
106 0.452758908 0.545117557 0.002123549
107 0.000000000 0.057272229 0.942727745
108 0.000000000 1.000000000 0.000000000
109 1.000000000 0.000000000 0.000000000
110 1.000000000 0.000000000 0.000000000
111 1.000000000 0.000000000 0.000000000
112 0.000000000 1.000000000 0.000000000
113 0.751132965 0.248867005 0.000000000
114 0.795204878 0.204795122 0.000000000
115 0.981716156 0.018283833 0.000000000
116 0.000000000 1.000000000 0.000000000
117 0.000000000 1.000000000 0.000000000
118 0.998972476 0.001027495 0.000000000
119 0.993529379 0.006470638 0.000000000
120 0.999159038 0.000840982 0.000000000
121 0.000000000 1.000000000 0.000000000
122 0.210911289 0.789088726 0.000000000
123 0.698162258 0.301837742 0.000000000
124 0.986202717 0.013797310 0.000000000
125 0.000000000 1.000000000 0.000000000
126 0.000000000 0.097655177 0.902344823
127 0.000000000 0.825955272 0.174044698
128 0.000000000 0.964124739 0.035875276
129 0.000000000 0.790045559 0.209954426
130 0.000000000 0.095565945 0.904434025
131 0.000000000 1.000000000 0.000000000
132 0.000000000 0.890299082 0.109700926
133 0.000000000 0.408445060 0.591554940
134 0.000000000 0.388337374 0.611662626
135 0.000000000 0.000321898 0.999678075
136 0.000000000 0.361994416 0.638005614
137 0.000000000 0.217233717 0.782766283
138 0.000000000 0.772368491 0.227631539
139 0.000000000 0.000217990 0.999782026
140 0.000000000 0.435323656 0.564676344
141 0.000000000 0.783116698 0.216883317
142 0.000000000 0.705522358 0.294477671
143 0.000000000 0.001840466 0.998159528
144 0.000000000 0.000236966 0.999763012
145 0.893597126 0.004165449 0.102237441
146 0.827480793 0.011755491 0.160763696
147 0.996980965 0.001776678 0.001242381
148 0.000000000 0.287942141 0.712057829
149 0.470242739 0.494353414 0.035403851
150 0.195444882 0.786129594 0.018425548
151 0.502853990 0.492167264 0.004978735
152 0.000000000 0.365859240 0.634140790
153 0.000000000 0.000000000 1.000000000
154 0.999820530 0.000054247 0.000125228
155 0.999417007 0.000000000 0.000582986
156 0.929592729 0.000018520 0.070388742
157 0.000000000 0.000000000 1.000000000
158 0.435393691 0.561908007 0.002698328
159 0.013745110 0.773797333 0.212457582
160 0.390951753 0.585776627 0.023271631
161 0.000000000 0.005517181 0.994482815
162 0.000000000 1.000000000 0.000000000
163 1.000000000 0.000000000 0.000000000
164 1.000000000 0.000000000 0.000000000
165 0.980661929 0.019338077 0.000000000
166 0.000000000 1.000000000 0.000000000
167 0.500000000 0.500000000 0.000000000
168 0.469544262 0.530455709 0.000000000
169 0.965633094 0.034366880 0.000000000
170 0.000000000 1.000000000 0.000000000
171 0.000000000 1.000000000 0.000000000
172 1.000000000 0.000000000 0.000000000
173 0.960235715 0.039764311 0.000000000
174 0.994433641 0.005566384 0.000000000
175 0.000000272 0.999999702 0.000000000
176 0.648199141 0.351800829 0.000000000
177 0.105082996 0.894917011 0.000000000
178 0.461376131 0.538623869 0.000000000
179 0.000000000 1.000000000 0.000000000
180 0.000000000 0.041861583 0.958138406
181 0.000000000 0.809342444 0.190657541
182 0.000000000 0.783728242 0.216271773
183 0.000000000 0.978914499 0.021085499
184 0.000000000 0.090663306 0.909336686
185 0.000000000 0.814869046 0.185130984
186 0.000000000 0.691184461 0.308815539
187 0.000000000 0.769325376 0.230674624
188 0.000000000 0.312255710 0.687744260
189 0.000000000 0.000000000 1.000000000
190 0.000000000 0.910072505 0.089927480
191 0.000000000 0.028072756 0.971927226
192 0.000000000 0.971905828 0.028094199
193 0.000000000 0.000129001 0.999871016
194 0.000000000 0.699772716 0.300227284
195 0.000000000 0.644436061 0.355563909
196 0.000000000 0.702263594 0.297736436
197 0.000000000 0.003707703 0.996292293
198 0.000000000 0.001232669 0.998767316
199 0.764728904 0.007366717 0.227904394
200 0.865369260 0.000000000 0.134630740
201 0.998461723 0.000304164 0.001234141
202 0.000007581 0.007597496 0.992394924
203 0.405538619 0.565076351 0.029385021
204 0.022519726 0.972865820 0.004614426
205 0.274333745 0.662373424 0.063292854
206 0.000000000 0.133128360 0.866871655
207 0.000000000 0.000000000 1.000000000
208 1.000000000 0.000000000 0.000000000
209 0.819008708 0.000000000 0.180991292
210 1.000000000 0.000000000 0.000000000
211 0.000000000 0.000000000 1.000000000
212 0.632855773 0.357404590 0.009739653
213 0.000391245 0.997928381 0.001680395
214 0.153083250 0.841044545 0.005872191
215 0.000000000 0.022601658 0.977398336
216 0.000000000 1.000000000 0.000000000
217 1.000000000 0.000000000 0.000000000
218 1.000000000 0.000000000 0.000000000
219 1.000000000 0.000000000 0.000000000
220 0.000000000 1.000000000 0.000000000
221 1.000000000 0.000000000 0.000000000
222 0.226034492 0.773965538 0.000000000
223 0.790887713 0.209112272 0.000000000
224 0.000000000 1.000000000 0.000000000
225 0.000000000 1.000000000 0.000000000
226 0.918081582 0.081918418 0.000000000
227 1.000000000 0.000000000 0.000000000
228 0.995187402 0.004812569 0.000000000
229 0.000000726 0.999999285 0.000000000
230 0.492716372 0.507283628 0.000000000
231 0.006277136 0.993722856 0.000000000
232 0.012625785 0.987374187 0.000000000
233 0.000000000 1.000000000 0.000000000
234 0.000000000 0.014158703 0.985841274
235 0.000000000 0.963351130 0.036648858
236 0.000000000 0.041328263 0.958671749
237 0.000000000 0.984491467 0.015508540
238 0.000000000 0.400608271 0.599391758
239 0.000000000 0.742213309 0.257786661
240 0.000000000 0.649794042 0.350205988
241 0.000000000 0.866668344 0.133331656
242 0.000000000 0.184939802 0.815060198
243 0.000000000 0.000000000 1.000000000
244 0.000000000 0.823265970 0.176734000
245 0.000000000 0.363232285 0.636767745
246 0.000000000 0.965555787 0.034444220
247 0.000000000 0.000420777 0.999579251
248 0.000000000 0.676510096 0.323489875
249 0.000000000 0.335911036 0.664088964
250 0.000000000 0.396498293 0.603501737
251 0.000000000 0.000417808 0.999582171
252 0.000000000 0.000000000 1.000000000
253 0.852745771 0.000000000 0.147254199
254 0.821991920 0.000000000 0.178008109
255 0.902634561 0.000210651 0.097154811
256 0.000000000 0.003312405 0.996687591
257 0.425652385 0.542005420 0.032342173
258 0.074677780 0.790865600 0.134456635
259 0.099233903 0.778274536 0.122491553
260 0.000000000 0.059228037 0.940771937
261 0.000000000 0.000000000 1.000000000
262 0.484709233 0.000006950 0.515283823
263 0.994388521 0.000000000 0.005611495
264 1.000000000 0.000000000 0.000000000
265 0.000000000 0.000000000 1.000000000
266 0.472891450 0.524680078 0.002428511
267 0.065204449 0.928817213 0.005978310
268 0.134936586 0.799613237 0.065450206
269 0.000000000 0.046929315 0.953070700
270 0.000000000 1.000000000 0.000000000
271 0.500000000 0.500000000 0.000000000
272 0.986941457 0.013058525 0.000000000
273 0.505493343 0.494506627 0.000000000
274 0.000000000 1.000000000 0.000000000
275 0.723776340 0.276223630 0.000000000
276 0.060891770 0.939108253 0.000000000
277 0.203002721 0.796997249 0.000000000
278 0.000000000 1.000000000 0.000000000
279 0.000000000 1.000000000 0.000000000
280 1.000000000 0.000000000 0.000000000
281 1.000000000 0.000000000 0.000000000
282 0.964536607 0.035463400 0.000000000
283 0.000000000 1.000000000 0.000000000
284 0.345118672 0.654881299 0.000000000
285 0.000000000 1.000000000 0.000000000
286 0.189714432 0.810285568 0.000000000
287 0.000000000 1.000000000 0.000000000
