0 0.000000000 0.880306184 0.119693801
1 0.000000000 0.461944818 0.538055182
2 0.000000000 0.294174641 0.705825329
3 0.000000000 0.712832034 0.287167996
4 0.000000000 0.357431263 0.642568767
5 0.000000000 0.021124259 0.978875756
6 0.800097048 0.161542594 0.038360380
7 0.188683152 0.437361866 0.373954982
8 0.023565589 0.250720143 0.725714266
9 0.811465561 0.188534454 0.000000000
10 0.179628581 0.545421004 0.274950415
11 0.006406843 0.351888597 0.641704559
12 0.034155212 0.965844810 0.000000000
13 0.027645480 0.972354531 0.000000000
14 0.008037602 0.991962373 0.000000000
15 0.068004712 0.931995273 0.000000000
16 0.012082532 0.987917483 0.000000000
17 0.034406934 0.965593040 0.000000000
18 0.000000000 0.757720411 0.242279619
19 0.000000000 0.984231532 0.015768446
20 0.000000000 0.893174887 0.106825106
21 0.000000000 0.980652988 0.019347021
22 0.000000000 0.902079463 0.097920552
23 0.000000000 0.772029519 0.227970466
24 0.000000000 0.953225553 0.046774462
25 0.000000000 0.955024302 0.044975705
26 0.000000000 0.162211701 0.837788284
27 0.000000000 0.471835375 0.528164625
28 0.000000000 0.853215933 0.146784082
29 0.000000000 0.957914114 0.042085882
30 0.000000000 0.910926402 0.089073628
31 0.000000000 0.078828476 0.921171546
32 0.000000000 0.705069542 0.294930428
33 0.000000000 0.914447665 0.085552312
34 0.000000000 0.885656953 0.114343077
35 0.000000000 0.006861904 0.993138075
36 0.008415251 0.539236426 0.452348322
37 1.000000000 0.000000000 0.000000000
38 0.998196900 0.000000000 0.001803115
39 0.983755589 0.000000000 0.016244397
40 0.020267230 0.819144368 0.160588399
41 0.513733208 0.453467518 0.032799296
42 0.879595816 0.055184141 0.065220036
43 0.865028083 0.100151956 0.034819942
44 0.068429530 0.704539359 0.227031127
45 0.022942325 0.011280251 0.965777397
46 1.000000000 0.000000000 0.000000000
47 0.935384631 0.005962114 0.058653247
48 0.965812922 0.000000000 0.034187064
49 0.031021852 0.299114943 0.669863224
50 0.319274455 0.622026742 0.058698822
51 0.959623694 0.000000000 0.040376280
52 0.805303037 0.167082861 0.027614098
53 0.036788367 0.000000000 0.963211656
54 0.044240590 0.955759406 0.000000000
55 1.000000000 0.000000000 0.000000000
56 1.000000000 0.000000000 0.000000000
57 1.000000000 0.000000000 0.000000000
58 0.038954865 0.961045146 0.000000000
59 0.950468481 0.049531542 0.000000000
60 0.845970333 0.154029697 0.000000000
61 0.964327931 0.035672080 0.000000000
62 0.034379829 0.965620160 0.000000000
63 0.030548314 0.969451666 0.000000000
64 1.000000000 0.000000000 0.000000000
65 0.972277880 0.027722115 0.000000000
66 0.917946398 0.082053594 0.000000000
67 0.052802328 0.947197676 0.000000000
68 0.386687756 0.613312244 0.000000000
69 0.585625410 0.414374590 0.000000000
70 0.728381634 0.271618396 0.000000000
71 0.017506152 0.982493877 0.000000000
72 0.000000000 0.062963031 0.937036991
73 0.000000000 0.547093391 0.452906579
74 0.000000000 0.544423878 0.455576122
75 0.000000000 0.895997286 0.104002737
76 0.000000000 0.325846463 0.674153566
77 0.000000000 0.647783697 0.352216303
78 0.000000000 0.862858534 0.137141466
79 0.000000000 0.891213298 0.108786702
80 0.000000000 0.000000000 1.000000000
81 0.000000000 0.009128317 0.990871668
82 0.000000000 0.481378794 0.518621206
83 0.000000000 0.702196181 0.297803789
84 0.000000000 0.919953108 0.080046892
85 0.000000000 0.000000000 1.000000000
86 0.000000000 0.711683512 0.288316488
87 0.000000000 0.593957365 0.406042635
88 0.000000000 0.366417795 0.633582175
89 0.000000000 0.000000000 1.000000000
90 0.004716945 0.000000000 0.995283067
91 0.724871814 0.000000000 0.275128186
92 0.942474186 0.000000000 0.057525814
93 0.973242521 0.000000000 0.026757494
94 0.044401430 0.088901736 0.866696835
95 0.483887792 0.501079261 0.015032919
96 0.131658077 0.789048910 0.079293035
97 0.489114136 0.449099094 0.061786763
98 0.049324043 0.000000000 0.950675964
99 0.092253827 0.024531689 0.883214474
100 0.942693174 0.009808567 0.047498245
101 0.970118046 0.000000000 0.029881978
102 0.954215944 0.000000000 0.045784086
103 0.056583233 0.053975828 0.889440954
104 0.366385579 0.532461226 0.101153217
105 0.200050160 0.739701748 0.060248088
106 0.490006953 0.470890790 0.039102271
107 0.000000000 0.000000000 1.000000000
108 0.106942110 0.893057883 0.000000000
109 1.000000000 0.000000000 0.000000000
110 1.000000000 0.000000000 0.000000000
111 1.000000000 0.000000000 0.000000000
112 0.085041873 0.914958119 0.000000000
113 0.945442140 0.054557864 0.000000000
114 0.478974730 0.521025240 0.000000000
115 0.972882807 0.027117208 0.000000000
116 0.040453304 0.959546685 0.000000000
117 0.045983564 0.954016447 0.000000000
118 1.000000000 0.000000000 0.000000000
119 0.964312434 0.035687592 0.000000000
120 0.618536115 0.381463915 0.000000000
121 0.052450988 0.947548985 0.000000000
122 0.560871303 0.439128697 0.000000000
123 0.299293309 0.700706661 0.000000000
124 0.988228559 0.011771464 0.000000000
125 0.013898117 0.986101866 0.000000000
126 0.000000000 0.104448415 0.895551562
127 0.000000000 0.814442277 0.185557738
128 0.000000000 0.985702038 0.014297971
129 0.000000000 0.806832731 0.193167269
130 0.000000000 0.274420738 0.725579262
131 0.000000000 0.901496351 0.098503619
132 0.000000000 0.837701976 0.162298009
133 0.000000000 0.713809729 0.286190271
134 0.000000000 0.653847754 0.346152216
135 0.000000000 0.033244852 0.966755152
136 0.000000000 0.176864490 0.823135495
137 0.000000000 0.199186027 0.800813973
138 0.000000000 0.871689796 0.128310218
139 0.000000000 0.000000000 1.000000000
140 0.000000000 0.670587122 0.329412907
141 0.000000000 0.798095703 0.201904297
142 0.000000000 0.781647861 0.218352124
143 0.000000000 0.000000000 1.000000000
144 0.050789487 0.000000000 0.949210525
145 0.990406811 0.000000000 0.009593213
146 0.845024288 0.000000000 0.154975727
147 0.958127975 0.000000000 0.041872036
148 0.014101338 0.105655991 0.880242646
149 0.540479302 0.366766870 0.092753842
150 0.321037740 0.630552232 0.048410039
151 0.338128030 0.591062486 0.070809461
152 0.031377420 0.327133566 0.641489029
153 0.000000000 0.142929256 0.857070744
154 0.945420563 0.000000000 0.054579441
155 0.981123865 0.000000000 0.018876107
156 0.975661576 0.000000000 0.024338448
157 0.035659172 0.000000000 0.964340806
158 0.282579273 0.674959362 0.042461328
159 0.047024067 0.910537362 0.042438556
160 0.348637760 0.571451783 0.079910472
161 0.028027631 0.231222168 0.740750194
162 0.050613280 0.949386716 0.000000000
163 1.000000000 0.000000000 0.000000000
164 1.000000000 0.000000000 0.000000000
165 1.000000000 0.000000000 0.000000000
166 0.030990317 0.969009697 0.000000000
167 0.960611999 0.039388001 0.000000000
168 0.851366699 0.148633316 0.000000000
169 1.000000000 0.000000000 0.000000000
170 0.142580166 0.857419848 0.000000000
171 0.011342453 0.988657534 0.000000000
172 0.979736805 0.020263193 0.000000000
173 0.977163553 0.022836462 0.000000000
174 1.000000000 0.000000000 0.000000000
175 0.032008819 0.967991173 0.000000000
176 0.822315514 0.177684471 0.000000000
177 0.106802024 0.893197954 0.000000000
178 0.416823506 0.583176494 0.000000000
179 0.040733423 0.959266603 0.000000000
180 0.000000000 0.191094115 0.808905900
181 0.000000000 0.741623819 0.258376181
182 0.000000000 0.532544672 0.467455328
183 0.000000000 0.970514178 0.029485798
184 0.000000000 0.043403212 0.956596792
185 0.000000000 0.862214923 0.137785077
186 0.000000000 0.487628877 0.512371123
187 0.000000000 0.648730993 0.351269037
188 0.000000000 0.268689454 0.731310546
189 0.000000000 0.000000000 1.000000000
190 0.000000000 0.743371904 0.256628096
191 0.000000000 0.029932197 0.970067799
192 0.000000000 0.937445045 0.062554948
193 0.000000000 0.000000000 1.000000000
194 0.000000000 0.544179916 0.455820084
195 0.000000000 0.373911679 0.626088321
196 0.000000000 0.467574328 0.532425642
197 0.000000000 0.000000000 1.000000000
198 0.038536273 0.000000000 0.961463749
199 0.761662543 0.000000000 0.238337457
200 0.557598770 0.000000000 0.442401230
201 0.964738905 0.000000000 0.035261117
202 0.082235023 0.000000000 0.917764962
203 0.659327686 0.314576536 0.026095804
204 0.076231778 0.806993186 0.116775058
205 0.238892198 0.658006072 0.103101745
206 0.020404154 0.062086001 0.917509854
207 0.076030172 0.009060190 0.914909661
208 0.949881494 0.000000000 0.050118532
209 0.872079968 0.000000000 0.127920032
210 0.971113086 0.000000000 0.028886909
211 0.132139504 0.000000000 0.867860496
212 0.668455362 0.309717208 0.021827452
213 0.039639175 0.873037577 0.087323233
214 0.220049307 0.700889409 0.079061262
215 0.073666915 0.000000000 0.926333070
216 0.087604187 0.912395835 0.000000000
217 1.000000000 0.000000000 0.000000000
218 1.000000000 0.000000000 0.000000000
219 1.000000000 0.000000000 0.000000000
220 0.098448612 0.901551366 0.000000000
221 1.000000000 0.000000000 0.000000000
222 0.234654516 0.765345454 0.000000000
223 0.561267197 0.438732833 0.000000000
224 0.058319066 0.941680908 0.000000000
225 0.061659239 0.938340783 0.000000000
226 0.986936510 0.013063493 0.000000000
227 1.000000000 0.000000000 0.000000000
228 0.928012013 0.071988009 0.000000000
229 0.062533394 0.937466621 0.000000000
230 0.868043482 0.131956533 0.000000000
231 0.065128878 0.934871137 0.000000000
232 0.191847309 0.808152676 0.000000000
233 0.059741430 0.940258563 0.000000000
234 0.000000000 0.161153451 0.838846564
235 0.000000000 0.877472579 0.122527406
236 0.000000000 0.131924748 0.868075252
237 0.000000000 0.959180474 0.040819500
238 0.000000000 0.216042817 0.783957183
239 0.000000000 0.867741466 0.132258549
240 0.000000000 0.817306876 0.182693154
241 0.000000000 0.627537727 0.372462302
242 0.000000000 0.208269581 0.791730404
243 0.000000000 0.000000000 1.000000000
244 0.000000000 0.761936724 0.238063276
245 0.000000000 0.180444807 0.819555163
246 0.000000000 0.946709931 0.053290084
247 0.000000000 0.000000000 1.000000000
248 0.000000000 0.743537307 0.256462723
249 0.000000000 0.580421090 0.419578910
250 0.000000000 0.486042827 0.513957202
251 0.000000000 0.000000000 1.000000000
252 0.056262773 0.000361491 0.943375766
253 0.950176120 0.000000000 0.049823899
254 0.955356121 0.000000000 0.044643883
255 1.000000000 0.000000000 0.000000000
256 0.006856420 0.000000000 0.993143559
257 0.479453236 0.433365554 0.087181233
258 0.120408840 0.691270053 0.188321099
259 0.229625732 0.676253259 0.094120987
260 0.038447581 0.087889284 0.873663127
261 0.100300528 0.162222922 0.737476528
262 1.000000000 0.000000000 0.000000000
263 0.780719280 0.000000000 0.219280735
264 0.971293867 0.000000000 0.028706154
265 0.114467971 0.015271679 0.870260358
266 0.353767157 0.579173565 0.067059264
267 0.089266136 0.856847167 0.053886693
268 0.297273487 0.586982250 0.115744233
269 0.039688181 0.033612505 0.926699340
270 0.107485831 0.892514169 0.000000000
271 1.000000000 0.000000000 0.000000000
272 1.000000000 0.000000000 0.000000000
273 0.963743091 0.036256928 0.000000000
274 0.056047857 0.943952143 0.000000000
275 0.936849415 0.063150562 0.000000000
276 0.475363106 0.524636924 0.000000000
277 0.509108245 0.490891784 0.000000000
278 0.086104482 0.913895488 0.000000000
279 0.074525587 0.925474405 0.000000000
280 0.926249266 0.073750727 0.000000000
281 1.000000000 0.000000000 0.000000000
282 0.927482665 0.072517328 0.000000000
283 0.035721827 0.964278162 0.000000000
284 0.930090904 0.069909118 0.000000000
285 0.135544643 0.864455342 0.000000000
286 0.226181850 0.773818135 0.000000000
287 0.044462487 0.955537498 0.000000000
