0 0.000000000 0.841136038 0.158863991
1 0.000000000 0.531239152 0.468760878
2 0.000000000 0.391725540 0.608274460
3 0.000000000 0.862300932 0.137699097
4 0.000000000 0.403309137 0.596690834
5 0.000000000 0.098949865 0.901050150
6 0.655495763 0.320213139 0.024291059
7 0.087189674 0.508640766 0.404169559
8 0.000000000 0.249873430 0.750126541
9 0.743224323 0.249712095 0.007063560
10 0.376451492 0.483331561 0.140216947
11 0.000000000 0.258031040 0.741968989
12 0.000000000 1.000000000 0.000000000
13 0.000000000 1.000000000 0.000000000
14 0.000000000 1.000000000 0.000000000
15 0.041292757 0.958707213 0.000000000
16 0.002227988 0.997772038 0.000000000
17 0.000000000 1.000000000 0.000000000
18 0.000000000 0.810270727 0.189729258
19 0.000000000 0.992329121 0.007670885
20 0.000000000 0.829234362 0.170765609
21 0.000000000 1.000000000 0.000000000
22 0.000000000 0.857598066 0.142401963
23 0.000000000 0.668801904 0.331198126
24 0.000000000 0.999585211 0.000414764
25 0.000000000 1.000000000 0.000000000
26 0.000000000 0.118979305 0.881020665
27 0.000000000 0.349286169 0.650713861
28 0.000000000 0.883306324 0.116693668
29 0.000000000 0.961463511 0.038536489
30 0.000000000 0.948261440 0.051738571
31 0.000000000 0.063624106 0.936375916
32 0.000000000 0.659634948 0.340365082
33 0.000000000 0.956877112 0.043122895
34 0.000000000 0.964263618 0.035736389
35 0.000000000 0.034711376 0.965288639
36 0.000000000 0.482342720 0.517657280
37 0.967078388 0.032921609 0.000000000
38 0.956202447 0.034447763 0.009349777
39 1.000000000 0.000000000 0.000000000
40 0.008242828 0.669388592 0.322368622
41 0.251372993 0.723371744 0.025255272
42 0.965587378 0.031155286 0.003257359
43 0.780520260 0.219479710 0.000000000
44 0.000000000 0.045957118 0.954042912
45 0.000000000 0.055318598 0.944681406
46 1.000000000 0.000000000 0.000000000
47 0.967463911 0.000630953 0.031905118
48 0.977674663 0.000000000 0.022325328
49 0.000000000 0.214927763 0.785072267
50 0.419124007 0.505307019 0.075568989
51 0.959444523 0.040555473 0.000000000
52 0.679226458 0.296409786 0.024363751
53 0.055876642 0.113150671 0.830972672
54 0.000000000 1.000000000 0.000000000
55 0.923130751 0.076869272 0.000000000
56 0.928085864 0.071914159 0.000000000
57 0.933228552 0.066771418 0.000000000
58 0.000000000 1.000000000 0.000000000
59 0.689722955 0.310277045 0.000000000
60 0.953407645 0.046592329 0.000000000
61 0.962813556 0.037186466 0.000000000
62 0.000000000 1.000000000 0.000000000
63 0.000000000 1.000000000 0.000000000
64 0.940696061 0.059303936 0.000000000
65 0.952858984 0.047141042 0.000000000
66 0.982031941 0.017968057 0.000000000
67 0.000000000 1.000000000 0.000000000
68 0.760368645 0.239631370 0.000000000
69 0.922880411 0.077119604 0.000000000
70 0.651395023 0.348605007 0.000000000
71 0.000000000 1.000000000 0.000000000
72 0.000000000 0.375041157 0.624958813
73 0.000000000 0.907788277 0.092211716
74 0.000000000 0.414866745 0.585133255
75 0.000000000 0.871749401 0.128250584
76 0.000000000 0.424419075 0.575580895
77 0.000000000 0.629022658 0.370977372
78 0.000000000 0.903901279 0.096098721
79 0.000000000 0.927215219 0.072784789
80 0.000000000 0.172904387 0.827095628
81 0.000000000 0.000000000 1.000000000
82 0.000000000 0.688226819 0.311773151
83 0.000000000 0.702251911 0.297748119
84 0.000000000 0.789402425 0.210597590
85 0.000000000 0.000000000 1.000000000
86 0.000000000 0.905545175 0.094454840
87 0.000000000 0.365868986 0.634131014
88 0.000000000 0.756883681 0.243116334
89 0.000000000 0.006166330 0.993833661
90 0.000000000 0.029318150 0.970681846
91 0.973065376 0.000000000 0.026934600
92 0.959706724 0.000000000 0.040293299
93 0.949035645 0.015433018 0.035531316
94 0.000000000 0.089223035 0.910776973
95 0.440061718 0.539400280 0.020538015
96 0.309848458 0.515919626 0.174231917
97 0.590988338 0.354303479 0.054708146
98 0.000000000 0.075517155 0.924482822
99 0.000000000 0.062305242 0.937694788
100 0.934859812 0.030904625 0.034235593
101 0.905727863 0.007714379 0.086557776
102 0.914509416 0.000000000 0.085490599
103 0.000000000 0.032002334 0.967997670
104 0.192426845 0.731284916 0.076288246
105 0.172977880 0.816667199 0.010354950
106 0.407677561 0.573625743 0.018696671
107 0.000000000 0.071371034 0.928628981
108 0.000000000 1.000000000 0.000000000
109 0.951872766 0.048127256 0.000000000
110 0.948799312 0.051200662 0.000000000
111 1.000000000 0.000000000 0.000000000
112 0.000000000 1.000000000 0.000000000
113 0.624963224 0.375036806 0.000000000
114 0.793117225 0.206882775 0.000000000
115 0.952766120 0.047233853 0.000000000
116 0.000000000 1.000000000 0.000000000
117 0.000000000 1.000000000 0.000000000
118 0.949840605 0.050159421 0.000000000
119 0.948508978 0.051491011 0.000000000
120 0.962438822 0.037561167 0.000000000
121 0.000000000 1.000000000 0.000000000
122 0.170595214 0.829404771 0.000000000
123 0.657085121 0.342914909 0.000000000
124 0.921943307 0.078056723 0.000000000
125 0.000000000 1.000000000 0.000000000
126 0.000000000 0.125085682 0.874914289
127 0.000000000 0.837603867 0.162396133
128 0.000000000 0.961047053 0.038952965
129 0.000000000 0.819578052 0.180421919
130 0.000000000 0.077795610 0.922204375
131 0.000000000 1.000000000 0.000000000
132 0.000000000 0.906879425 0.093120590
133 0.000000000 0.387529641 0.612470388
134 0.000000000 0.409046113 0.590953887
135 0.000000000 0.021706020 0.978293955
136 0.000000000 0.399017423 0.600982606
137 0.000000000 0.273425341 0.726574659
138 0.000000000 0.767243922 0.232756093
139 0.000000000 0.000000000 1.000000000
140 0.000000000 0.380968511 0.619031489
141 0.000000000 0.757915258 0.242084742
142 0.000000000 0.680418670 0.319581330
143 0.000000000 0.024400782 0.975599229
144 0.000000000 0.007664075 0.992335916
145 0.910182834 0.002006949 0.087810233
146 0.814012706 0.084054276 0.101933017
147 1.000000000 0.000000000 0.000000000
148 0.000000000 0.208405763 0.791594267
149 0.467461854 0.509858012 0.022680147
150 0.221157417 0.774316967 0.004525625
151 0.495997995 0.488240987 0.015761023
152 0.000561790 0.394921124 0.604517102
153 0.107663624 0.097879738 0.794456661
154 0.965245545 0.000000000 0.034754455
155 0.983036458 0.000000000 0.016963521
156 0.925319612 0.000000000 0.074680395
157 0.000000000 0.031441379 0.968558609
158 0.455070615 0.496416748 0.048512619
159 0.032530423 0.790212631 0.177256927
160 0.287765354 0.589951396 0.122283220
161 0.000000000 0.190629229 0.809370756
162 0.004898261 0.995101750 0.000000000
163 0.975414097 0.024585921 0.000000000
164 0.888244867 0.111755155 0.000000000
165 0.973015845 0.026984142 0.000000000
166 0.000000000 1.000000000 0.000000000
167 0.551316261 0.448683739 0.000000000
168 0.450205415 0.549794614 0.000000000
169 0.955778122 0.044221900 0.000000000
170 0.040521145 0.959478855 0.000000000
171 0.000000000 1.000000000 0.000000000
172 0.977004647 0.022995343 0.000000000
173 0.967209280 0.032790724 0.000000000
174 1.000000000 0.000000000 0.000000000
175 0.000000000 1.000000000 0.000000000
176 0.586091757 0.413908273 0.000000000
177 0.005747120 0.994252861 0.000000000
178 0.368602037 0.631397963 0.000000000
179 0.000000000 1.000000000 0.000000000
180 0.000000000 0.066979334 0.933020651
181 0.000000000 0.776766837 0.223233163
182 0.000000000 0.766406119 0.233593911
183 0.000000000 1.000000000 0.000000000
184 0.000000000 0.134859309 0.865140676
185 0.000000000 0.844243407 0.155756623
186 0.000000000 0.692260861 0.307739168
187 0.000000000 0.785044670 0.214955360
188 0.000000000 0.330368161 0.669631839
189 0.000000000 0.060985755 0.939014256
190 0.000000000 0.853511631 0.146488354
191 0.000000000 0.110711224 0.889288783
192 0.000000000 0.965436757 0.034563228
193 0.000000000 0.000000000 1.000000000
194 0.000000000 0.691092968 0.308907032
195 0.000000000 0.639274418 0.360725582
196 0.000000000 0.740465939 0.259534061
197 0.000000000 0.000000000 1.000000000
198 0.000000000 0.000000000 1.000000000
199 0.831850231 0.015455347 0.152694419
200 0.836183250 0.004437340 0.159379378
201 1.000000000 0.000000000 0.000000000
202 0.000000000 0.018286584 0.981713414
203 0.333993495 0.640795529 0.025210980
204 0.007869884 0.985049307 0.007080804
205 0.265213460 0.685355484 0.049431048
206 0.014717415 0.155905083 0.829377472
207 0.033963077 0.268901408 0.697135508
208 0.972161412 0.027838605 0.000000000
209 0.805042148 0.014028862 0.180929005
210 0.989124000 0.009458201 0.001417777
211 0.000000000 0.050844431 0.949155569
212 0.684285641 0.303817421 0.011896930
213 0.000000000 1.000000000 0.000000000
214 0.110717438 0.889282584 0.000000000
215 0.024315272 0.068149775 0.907534957
216 0.000000000 1.000000000 0.000000000
217 1.000000000 0.000000000 0.000000000
218 0.933832407 0.066167563 0.000000000
219 0.995157063 0.004842912 0.000000000
220 0.000000000 1.000000000 0.000000000
221 0.913367152 0.086632863 0.000000000
222 0.173324570 0.826675415 0.000000000
223 0.769457579 0.230542451 0.000000000
224 0.000000000 1.000000000 0.000000000
225 0.028506633 0.971493363 0.000000000
226 0.888675213 0.111324802 0.000000000
227 0.952670038 0.047329966 0.000000000
228 1.000000000 0.000000000 0.000000000
229 0.000000000 1.000000000 0.000000000
230 0.433705986 0.566294014 0.000000000
231 0.000000000 1.000000000 0.000000000
232 0.000000000 1.000000000 0.000000000
233 0.000000000 1.000000000 0.000000000
234 0.000000000 0.000000000 1.000000000
235 0.000000000 0.920139134 0.079860859
236 0.000000000 0.114618637 0.885381341
237 0.000000000 0.949207962 0.050792042
238 0.000000000 0.341060668 0.658939302
239 0.000000000 0.726452231 0.273547769
240 0.000000000 0.645025551 0.354974449
241 0.000000000 0.863105059 0.136894971
242 0.000000000 0.172137573 0.827862442
243 0.000000000 0.000000000 1.000000000
244 0.000000000 0.783354461 0.216645554
245 0.000000000 0.270428985 0.729571044
246 0.000000000 0.986473560 0.013526465
247 0.000000000 0.000000000 1.000000000
248 0.000000000 0.646548629 0.353451371
249 0.000000000 0.356615901 0.643384099
250 0.000000000 0.405165464 0.594834566
251 0.000000000 0.000000000 1.000000000
252 0.016152775 0.040155914 0.943691313
253 0.881388724 0.001538509 0.117072769
254 0.802119732 0.012534889 0.185345396
255 0.903222799 0.037198029 0.059579168
256 0.000000000 0.000000000 1.000000000
257 0.443777412 0.525692403 0.030530160
258 0.061256289 0.781712532 0.157031149
259 0.084844232 0.772032917 0.143122867
260 0.000000000 0.064019054 0.935980976
261 0.004360483 0.379737735 0.615901768
262 0.637983680 0.012413941 0.349602401
263 0.657580078 0.000000000 0.342419922
264 0.918164313 0.081835687 0.000000000
265 0.007194721 0.107999966 0.884805322
266 0.356775880 0.577975571 0.065248564
267 0.000000000 0.984285057 0.015714947
268 0.094703764 0.838020802 0.067275427
269 0.000000000 0.116548680 0.883451343
270 0.073011845 0.926988184 0.000000000
271 0.876317799 0.123682186 0.000000000
272 0.942333519 0.057666488 0.000000000
273 1.000000000 0.000000000 0.000000000
274 0.000000000 1.000000000 0.000000000
275 0.688831925 0.311168045 0.000000000
276 0.044044994 0.955955029 0.000000000
277 0.205819324 0.794180691 0.000000000
278 0.000000000 1.000000000 0.000000000
279 0.000000000 1.000000000 0.000000000
280 0.974539459 0.025460558 0.000000000
281 0.938063860 0.061936133 0.000000000
282 0.950215518 0.049784504 0.000000000
283 0.000000000 1.000000000 0.000000000
284 0.222052112 0.777947903 0.000000000
285 0.000000000 1.000000000 0.000000000
286 0.133386746 0.866613269 0.000000000
287 0.000000000 1.000000000 0.000000000
