0 0.000000000 0.865713835 0.134286165
1 0.000000000 0.476762146 0.523237884
2 0.000000000 0.299768806 0.700231194
3 0.000000000 0.672143102 0.327856898
4 0.000000000 0.351498812 0.648501217
5 0.000000000 0.042807057 0.957192957
6 0.830412745 0.116865449 0.052721810
7 0.152397990 0.468573242 0.379028767
8 0.000198020 0.277834296 0.721967697
9 0.811755300 0.169844836 0.018399866
10 0.208458856 0.531643987 0.259897143
11 0.000000000 0.393655747 0.606344283
12 0.006988382 0.993011594 0.000000000
13 0.000332522 0.999667466 0.000000000
14 0.000000000 1.000000000 0.000000000
15 0.028721996 0.971278012 0.000000000
16 0.000715649 0.999284327 0.000000000
17 0.000000000 1.000000000 0.000000000
18 0.000000000 0.696434498 0.303565502
19 0.000000000 0.999771237 0.000228791
20 0.000000000 0.881101012 0.118898958
21 0.000000000 0.999583960 0.000416052
22 0.000000000 0.950771809 0.049228176
23 0.000000000 0.804066598 0.195933416
24 0.000000000 0.999985933 0.000014042
25 0.000000000 0.999042988 0.000957008
26 0.000000000 0.168453529 0.831546485
27 0.000000000 0.482148319 0.517851651
28 0.000000000 0.877576828 0.122423179
29 0.000000000 0.945308566 0.054691460
30 0.000000000 0.945994735 0.054005239
31 0.000000000 0.104180165 0.895819843
32 0.000000000 0.733158410 0.266841590
33 0.000000000 0.976143479 0.023856543
34 0.000000000 0.998995304 0.001004674
35 0.000000000 0.005773772 0.994226217
36 0.000001681 0.532416105 0.467582196
37 1.000000000 0.000000000 0.000000000
38 0.998279929 0.000000000 0.001720056
39 1.000000000 0.000000000 0.000000000
40 0.000001312 0.811750114 0.188248575
41 0.460648388 0.535621524 0.003730072
42 0.965369165 0.018532943 0.016097903
43 0.960583270 0.018133668 0.021283075
44 0.000113271 0.927119672 0.072767064
45 0.000000000 0.022005375 0.977994621
46 0.999819636 0.000159991 0.000020360
47 0.944282830 0.000085973 0.055631172
48 0.999795437 0.000156567 0.000048005
49 0.000000000 0.366372466 0.633627534
50 0.290989250 0.682784677 0.026226087
51 0.993670940 0.004363697 0.001965361
52 0.851882637 0.147015244 0.001102112
53 0.000000000 0.000000000 1.000000000
54 0.000000000 1.000000000 0.000000000
55 0.000217559 0.999782443 0.000000000
56 0.998075545 0.001924437 0.000000000
57 0.001642961 0.998357058 0.000000000
58 0.000000000 1.000000000 0.000000000
59 0.863080740 0.136919260 0.000000000
60 0.000000000 1.000000000 0.000000000
61 0.000000000 1.000000000 0.000000000
62 0.000000000 1.000000000 0.000000000
63 0.000000267 0.999999762 0.000000000
64 1.000000000 0.000000000 0.000000000
65 0.973254144 0.026745854 0.000000000
66 1.000000000 0.000000000 0.000000000
67 0.000000000 1.000000000 0.000000000
68 0.407780468 0.592219532 0.000000000
69 0.000000000 1.000000000 0.000000000
70 0.000000000 1.000000000 0.000000000
71 0.000000000 1.000000000 0.000000000
72 0.000000000 0.051015597 0.948984385
73 0.000000000 0.538462758 0.461537272
74 0.000000000 0.500276148 0.499723881
75 0.000000000 0.913799644 0.086200371
76 0.000000000 0.353257835 0.646742165
77 0.000000000 0.680840194 0.319159806
78 0.000000000 0.894878149 0.105121844
79 0.000000000 0.927063882 0.072936133
80 0.000000000 0.042071387 0.957928598
81 0.000000000 0.001694425 0.998305559
82 0.000000000 0.400173694 0.599826336
83 0.000000000 0.699092805 0.300907224
84 0.000000000 0.956721663 0.043278340
85 0.000000000 0.000114006 0.999885976
86 0.000000000 0.706444085 0.293555915
87 0.000000000 0.658206761 0.341793239
88 0.000000000 0.477772564 0.522227466
89 0.000000000 0.000000000 1.000000000
90 0.000026143 0.000663876 0.999309957
91 0.648597300 0.000000000 0.351402700
92 0.937719882 0.000000000 0.062280096
93 0.982752502 0.000903401 0.016344083
94 0.000000011 0.075287394 0.924712598
95 0.440615624 0.554464996 0.004919381
96 0.096079566 0.853370845 0.050549600
97 0.469995648 0.485620260 0.044384092
98 0.000000000 0.041507743 0.958492279
99 0.000000000 0.000000000 1.000000000
100 0.936403513 0.000000000 0.063596480
101 0.975420117 0.001690015 0.022889877
102 0.975283206 0.000077790 0.024639033
103 0.000000000 0.060596116 0.939403892
104 0.332983911 0.560046315 0.106969737
105 0.243707865 0.746437132 0.009855000
106 0.445026010 0.546992540 0.007981454
107 0.000000000 0.000000000 1.000000000
108 0.000000000 1.000000000 0.000000000
109 1.000000000 0.000000000 0.000000000
110 1.000000000 0.000000000 0.000000000
111 1.000000000 0.000000000 0.000000000
112 0.000000000 1.000000000 0.000000000
113 0.837511957 0.162488028 0.000000000
114 0.436852276 0.563147724 0.000000000
115 0.950958729 0.049041279 0.000000000
116 0.000000000 1.000000000 0.000000000
117 0.000000000 1.000000000 0.000000000
118 1.000000000 0.000000000 0.000000000
119 0.971073270 0.028926721 0.000000000
120 0.636484504 0.363515526 0.000000000
121 0.000000000 1.000000000 0.000000000
122 0.511891425 0.488108546 0.000000000
123 0.271120459 0.728879511 0.000000000
124 0.975035071 0.024964906 0.000000000
125 0.000000000 1.000000000 0.000000000
126 0.000000000 0.067732789 0.932267189
127 0.000000000 0.799042344 0.200957641
128 0.000000000 0.997180998 0.002819029
129 0.000000000 0.822544694 0.177455291
130 0.000000000 0.245810509 0.754189491
131 0.000000000 0.943845153 0.056154866
132 0.000000000 0.896495879 0.103504099
133 0.000000000 0.746059716 0.253940284
134 0.000000000 0.861736417 0.138263598
135 0.000000000 0.000000000 1.000000000
136 0.000000000 0.163627729 0.836372256
137 0.000000000 0.151318848 0.848681152
138 0.000000000 0.931597710 0.068402298
139 0.000000000 0.000493542 0.999506474
140 0.000000000 0.708305776 0.291694224
141 0.000000000 0.834096611 0.165903389
142 0.000000000 0.851730347 0.148269653
143 0.000000000 0.002627217 0.997372806
144 0.000000000 0.001216683 0.998783290
145 0.993009090 0.000000000 0.006990931
146 0.823422015 0.000000000 0.176577955
147 0.992651880 0.000000000 0.007348108
148 0.000000947 0.117816232 0.882182837
149 0.486716568 0.438055217 0.075228222
150 0.293617189 0.693624973 0.012757873
151 0.384221971 0.598267913 0.017510151
152 0.000000000 0.386337340 0.613662660
153 0.000000000 0.000000000 1.000000000
154 0.950402021 0.000000000 0.049597997
155 0.993791878 0.000229248 0.005978862
156 1.000000000 0.000000000 0.000000000
157 0.000000000 0.000000000 1.000000000
158 0.257920414 0.742065609 0.000013960
159 0.001419274 0.997225881 0.001354863
160 0.332646549 0.661923587 0.005429840
161 0.000000000 0.296874464 0.703125536
162 0.000000000 1.000000000 0.000000000
163 1.000000000 0.000000000 0.000000000
164 1.000000000 0.000000000 0.000000000
165 0.984529614 0.015470374 0.000000000
166 0.000000000 1.000000000 0.000000000
167 0.939694941 0.060305063 0.000000000
168 0.988776982 0.011223021 0.000000000
169 0.987252712 0.012747298 0.000000000
170 0.000000000 1.000000000 0.000000000
171 0.000000000 1.000000000 0.000000000
172 0.940032363 0.059967659 0.000000000
173 0.970425904 0.029574089 0.000000000
174 1.000000000 0.000000000 0.000000000
175 0.000000000 1.000000000 0.000000000
176 0.845761955 0.154238030 0.000000000
177 0.106413819 0.893586159 0.000000000
178 0.469166756 0.530833244 0.000000000
179 0.000000000 1.000000000 0.000000000
180 0.000000000 0.267107666 0.732892334
181 0.000000000 0.754581928 0.245418087
182 0.000000000 0.554363072 0.445636928
183 0.000000000 0.999645472 0.000354528
184 0.000000000 0.113357671 0.886642337
185 0.000000000 0.892219007 0.107780993
186 0.000000000 0.546541631 0.453458369
187 0.000000000 0.697714806 0.302285165
188 0.000000000 0.474282056 0.525717914
189 0.000000000 0.000000000 1.000000000
190 0.000000000 0.790593982 0.209406048
191 0.000000000 0.003195501 0.996804476
192 0.000000000 0.966035068 0.033964913
193 0.000000000 0.000000000 1.000000000
194 0.000000000 0.570834219 0.429165781
195 0.000000000 0.387097776 0.612902224
196 0.000000000 0.525877297 0.474122703
197 0.000000000 0.004691059 0.995308936
198 0.000000000 0.000000000 1.000000000
199 0.751532018 0.000437900 0.248030066
200 0.504408777 0.001873494 0.493717760
201 0.999217093 0.000425031 0.000357870
202 0.000000000 0.000020262 0.999979734
203 0.571092904 0.427054733 0.001852383
204 0.065966152 0.859337926 0.074695900
205 0.198100135 0.769887269 0.032012604
206 0.000000000 0.139539748 0.860460281
207 0.000000000 0.006791355 0.993208647
208 0.940494299 0.000493887 0.059011839
209 0.897892892 0.000005486 0.102101624
210 0.996517122 0.002717163 0.000765697
211 0.000000000 0.000042432 0.999957561
212 0.615455270 0.381270111 0.003274625
213 0.000000000 0.950292766 0.049707215
214 0.178716034 0.815864086 0.005419893
215 0.000000000 0.015791282 0.984208703
216 0.000037106 0.999962866 0.000000000
217 1.000000000 0.000000000 0.000000000
218 1.000000000 0.000000000 0.000000000
219 0.296012968 0.703987062 0.000000000
220 0.000000000 1.000000000 0.000000000
221 0.956187665 0.043812312 0.000000000
222 0.150036097 0.849963903 0.000000000
223 0.429146469 0.570853531 0.000000000
224 0.000001913 0.999998093 0.000000000
225 0.000000000 1.000000000 0.000000000
226 1.000000000 0.000000000 0.000000000
227 1.000000000 0.000000000 0.000000000
228 0.931591153 0.068408862 0.000000000
229 0.000000000 1.000000000 0.000000000
230 0.832636297 0.167363718 0.000000000
231 0.015996769 0.984003246 0.000000000
232 0.137247100 0.862752914 0.000000000
233 0.000000000 1.000000000 0.000000000
234 0.000000000 0.188686222 0.811313808
235 0.000000000 0.981802285 0.018197695
236 0.000000000 0.036255531 0.963744462
237 0.000000000 0.995560467 0.004439525
238 0.000000000 0.239080980 0.760919034
239 0.000000000 0.911735475 0.088264547
240 0.000000000 0.846073210 0.153926820
241 0.000000000 0.672773421 0.327226579
242 0.000000000 0.263700664 0.736299336
243 0.000000000 0.004358400 0.995641589
244 0.000000000 0.844530642 0.155469343
245 0.000000000 0.216348499 0.783651531
246 0.000000000 0.995193064 0.004806929
247 0.000000000 0.002176303 0.997823715
248 0.000000000 0.779296339 0.220703676
249 0.000000000 0.619890928 0.380109072
250 0.000000000 0.519644558 0.480355442
251 0.000000000 0.002498021 0.997501969
252 0.000000000 0.000000000 1.000000000
253 0.965179503 0.001252661 0.033567861
254 0.967092872 0.000113149 0.032793965
255 0.993731797 0.000473879 0.005794345
256 0.000000000 0.009398342 0.990601659
257 0.440257996 0.504833877 0.054908134
258 0.060194038 0.755693853 0.184112117
259 0.213527739 0.701118946 0.085353322
260 0.000000000 0.135894507 0.864105463
261 0.000000000 0.007369368 0.992630661
262 0.987817883 0.000309272 0.011872868
263 1.000000000 0.000000000 0.000000000
264 0.999484301 0.000121097 0.000394613
265 0.000000000 0.000061116 0.999938905
266 0.295425922 0.702781498 0.001792573
267 0.007167564 0.981754661 0.011077760
268 0.260029823 0.721859574 0.018110566
269 0.000000000 0.000000000 1.000000000
270 0.000099731 0.999900281 0.000000000
271 1.000000000 0.000000000 0.000000000
272 0.999294162 0.000705820 0.000000000
273 0.040019073 0.959980905 0.000000000
274 0.000147216 0.999852777 0.000000000
275 0.999232531 0.000767465 0.000000000
276 0.434342533 0.565657437 0.000000000
277 0.416308165 0.583691835 0.000000000
278 0.000000000 1.000000000 0.000000000
279 0.000000000 1.000000000 0.000000000
280 0.838744462 0.161255509 0.000000000
281 1.000000000 0.000000000 0.000000000
282 1.000000000 0.000000000 0.000000000
283 0.000000000 1.000000000 0.000000000
284 0.866958618 0.133041352 0.000000000
285 0.107910983 0.892089009 0.000000000
286 0.156800717 0.843199253 0.000000000
287 0.000000000 1.000000000 0.000000000
