0 0.000000000 0.871442497 0.128557503
1 0.000000000 0.520227730 0.479772270
2 0.000000000 0.274352729 0.725647271
3 0.000000000 0.755788982 0.244211033
4 0.000000000 0.291913837 0.708086133
5 0.000000000 0.090453073 0.909546912
6 0.692212045 0.188285276 0.119502664
7 0.178398818 0.500919402 0.320681751
8 0.000000000 0.233069837 0.766930163
9 0.739541113 0.254833579 0.005625278
10 0.133878767 0.716938734 0.149182528
11 0.000074108 0.446898401 0.553027511
12 0.005490699 0.994509280 0.000000000
13 0.000477817 0.999522209 0.000000000
14 0.000000000 1.000000000 0.000000000
15 0.000040681 0.999959290 0.000000000
16 0.000569951 0.999430060 0.000000000
17 0.000000000 1.000000000 0.000000000
18 0.000000000 0.788026750 0.211973265
19 0.000000000 0.936826169 0.063173823
20 0.000000000 0.885743082 0.114256904
21 0.000000000 1.000000000 0.000000000
22 0.000000000 0.521979630 0.478020400
23 0.000000000 0.841679215 0.158320755
24 0.000000000 0.998952687 0.001047291
25 0.000000000 0.997341394 0.002658611
26 0.000000000 0.246004835 0.753995180
27 0.000000000 0.414470434 0.585529566
28 0.000000000 0.872827411 0.127172604
29 0.000000000 0.930620968 0.069379024
30 0.000000000 0.947926223 0.052073792
31 0.000000000 0.050397940 0.949602067
32 0.000000000 0.888553321 0.111446664
33 0.000000000 0.991742671 0.008257345
34 0.000000000 1.000000000 0.000000000
35 0.000000000 0.000260720 0.999739289
36 0.000000000 0.703061163 0.296938837
37 0.978331625 0.000069652 0.021598749
38 0.999197662 0.000136451 0.000665865
39 0.998092949 0.000257938 0.001649099
40 0.000000000 0.784766972 0.215233013
41 0.540766239 0.444339007 0.014894791
42 0.992823243 0.000636339 0.006540443
43 0.333228052 0.660217643 0.006554333
44 0.000000000 0.181327388 0.818672597
45 0.000000000 0.322530419 0.677469611
46 1.000000000 0.000000000 0.000000000
47 0.976178765 0.000084932 0.023736294
48 1.000000000 0.000000000 0.000000000
49 0.000043619 0.661655068 0.338301331
50 0.494613409 0.467132300 0.038254309
51 0.990157247 0.009791451 0.000051330
52 0.674504876 0.325495154 0.000000000
53 0.000000000 0.490186363 0.509813607
54 0.000000000 1.000000000 0.000000000
55 1.000000000 0.000000000 0.000000000
56 1.000000000 0.000000000 0.000000000
57 0.500000000 0.500000000 0.000000000
58 0.000000000 1.000000000 0.000000000
59 0.858535886 0.141464144 0.000000000
60 0.689178646 0.310821384 0.000000000
61 0.271484226 0.728515744 0.000000000
62 0.000957262 0.999042749 0.000000000
63 0.000000000 1.000000000 0.000000000
64 1.000000000 0.000000000 0.000000000
65 0.999755442 0.000244575 0.000000000
66 0.997063398 0.002936575 0.000000000
67 0.000000000 1.000000000 0.000000000
68 0.527269781 0.472730190 0.000000000
69 0.204635635 0.795364380 0.000000000
70 0.500000000 0.500000000 0.000000000
71 0.000000000 1.000000000 0.000000000
72 0.000000000 0.147413656 0.852586329
73 0.000000000 0.507232726 0.492767304
74 0.000000000 0.235769585 0.764230430
75 0.000000000 0.913088143 0.086911872
76 0.000000000 0.448329031 0.551670969
77 0.000000000 0.709439397 0.290560603
78 0.000000000 0.974056304 0.025943678
79 0.000000000 0.939825594 0.060174379
80 0.000000000 0.019895706 0.980104268
81 0.000000000 0.000000056 0.999999940
82 0.000000000 0.633297920 0.366702080
83 0.000000000 0.796991467 0.203008503
84 0.000000000 0.916501999 0.083498009
85 0.000000000 0.000000358 0.999999642
86 0.000000000 0.791884959 0.208115026
87 0.000000000 0.659933329 0.340066642
88 0.000000000 0.530374825 0.469625175
89 0.000000000 0.000000342 0.999999642
90 0.000000000 0.016216123 0.983783901
91 0.829801559 0.000000003 0.170198411
92 0.929574966 0.000000016 0.070425034
93 0.980896413 0.000930934 0.018172640
94 0.000000000 0.018374952 0.981625021
95 0.386467069 0.599248588 0.014284349
96 0.101882912 0.805132568 0.092984520
97 0.510684192 0.431258172 0.058057610
98 0.000000000 0.053110715 0.946889281
99 0.000000000 0.000000000 1.000000000
100 0.912235975 0.003032454 0.084731571
101 0.983069301 0.005883016 0.011047672
102 0.998266697 0.001733295 0.000000000
103 0.000000000 0.134739965 0.865260065
104 0.295575261 0.682045877 0.022378871
105 0.192883283 0.794793129 0.012323619
106 0.457576871 0.536681175 0.005741960
107 0.000000000 0.014402018 0.985597968
108 0.001806645 0.998193383 0.000000000
109 0.999990463 0.000009563 0.000000000
110 0.999997377 0.000002594 0.000000000
111 0.996758819 0.003241179 0.000000000
112 0.000748158 0.999251842 0.000000000
113 0.936041892 0.063958108 0.000000000
114 0.616839528 0.383160472 0.000000000
115 0.964619100 0.035380900 0.000000000
116 0.000000000 1.000000000 0.000000000
117 0.000000000 1.000000000 0.000000000
118 0.999989986 0.000009994 0.000000000
119 0.973723412 0.026276603 0.000000000
120 0.999635577 0.000364400 0.000000000
121 0.000000000 1.000000000 0.000000000
122 0.299444795 0.700555205 0.000000000
123 0.711780071 0.288219899 0.000000000
124 0.984945714 0.015054264 0.000000000
125 0.000000000 1.000000000 0.000000000
126 0.000000000 0.093117744 0.906882226
127 0.000000000 0.623818099 0.376181930
128 0.000000000 0.958163142 0.041836862
129 0.000000000 0.777135730 0.222864285
130 0.000000000 0.058771469 0.941228509
131 0.000000000 0.997158706 0.002841289
132 0.000000000 0.990082085 0.009917943
133 0.000000000 0.986305654 0.013694359
134 0.000000000 0.630905688 0.369094312
135 0.000000000 0.000000000 1.000000000
136 0.000000000 0.514161587 0.485838443
137 0.000000000 0.439358145 0.560641885
138 0.000000000 0.857862532 0.142137468
139 0.000000000 0.001548149 0.998451829
140 0.000000000 0.473348618 0.526651382
141 0.000000000 0.794085443 0.205914557
142 0.000000000 0.717021167 0.282978803
143 0.000000000 0.000000000 1.000000000
144 0.000000000 0.015466433 0.984533548
145 0.982353806 0.000331492 0.017314674
146 0.970312357 0.000179865 0.029507793
147 0.995255709 0.001229111 0.003515189
148 0.000000000 0.195836201 0.804163814
149 0.324530840 0.586876810 0.088592336
150 0.231622934 0.762832046 0.005545022
151 0.446026355 0.549693644 0.004279991
152 0.000000000 0.379068404 0.620931625
153 0.000000000 0.000000000 1.000000000
154 0.995625079 0.000000000 0.004374923
155 0.937128246 0.000000000 0.062871732
156 0.991549969 0.000000000 0.008450025
157 0.000069661 0.001599366 0.998330951
158 0.339613974 0.658744395 0.001641642
159 0.000000000 0.966078937 0.033921052
160 0.407036692 0.592947364 0.000015936
161 0.000000000 0.229030505 0.770969510
162 0.000000000 1.000000000 0.000000000
163 1.000000000 0.000000000 0.000000000
164 1.000000000 0.000000000 0.000000000
165 0.999174535 0.000825484 0.000000000
166 0.000000000 1.000000000 0.000000000
167 0.587735176 0.412264824 0.000000000
168 0.191475615 0.808524370 0.000000000
169 0.522464573 0.477535427 0.000000000
170 0.000002281 0.999997735 0.000000000
171 0.000000000 1.000000000 0.000000000
172 0.978646815 0.021353183 0.000000000
173 1.000000000 0.000000000 0.000000000
174 0.975665033 0.024334989 0.000000000
175 0.000000000 1.000000000 0.000000000
176 0.823409557 0.176590472 0.000000000
177 0.412981242 0.587018788 0.000000000
178 0.895448208 0.104551792 0.000000000
179 0.000000000 1.000000000 0.000000000
180 0.000000000 0.028149117 0.971850872
181 0.000000000 0.887588978 0.112411030
182 0.000000000 0.434954584 0.565045416
183 0.000000000 1.000000000 0.000000000
184 0.000000000 0.018624905 0.981375098
185 0.000000000 0.872025847 0.127974138
186 0.000000000 0.829132318 0.170867667
187 0.000000000 0.720464289 0.279535711
188 0.000000000 0.292428613 0.707571387
189 0.000000000 0.000003819 0.999996185
190 0.000000000 0.908833385 0.091166615
191 0.000000000 0.000019999 0.999979973
192 0.000000000 0.998929679 0.001070325
193 0.000000000 0.000000000 1.000000000
194 0.000000000 0.903886378 0.096113637
195 0.000000000 0.558917999 0.441081971
196 0.000000000 0.624378204 0.375621766
197 0.000000000 0.000000000 1.000000000
198 0.000000000 0.000048287 0.999951720
199 0.876992345 0.000286654 0.122721009
200 0.651773512 0.001011418 0.347215056
201 0.997482657 0.000313014 0.002204328
202 0.000000000 0.000031707 0.999968290
203 0.414092213 0.575071275 0.010836499
204 0.041688669 0.868807912 0.089503400
205 0.223208725 0.710025847 0.066765457
206 0.000000000 0.261497080 0.738502920
207 0.000000000 0.013443559 0.986556470
208 1.000000000 0.000000000 0.000000000
209 0.915718138 0.000000000 0.084281892
210 0.999587059 0.000408074 0.000004860
211 0.000000000 0.000000000 1.000000000
212 0.588643253 0.401251704 0.010105055
213 0.000000000 0.992669821 0.007330176
214 0.147027373 0.824399114 0.028573543
215 0.000000000 0.153590485 0.846409500
216 0.000000000 1.000000000 0.000000000
217 1.000000000 0.000000000 0.000000000
218 1.000000000 0.000000000 0.000000000
219 0.500000000 0.500000000 0.000000000
220 0.000420771 0.999579251 0.000000000
221 1.000000000 0.000000000 0.000000000
222 0.254999042 0.745000958 0.000000000
223 0.638604164 0.361395806 0.000000000
224 0.000000000 1.000000000 0.000000000
225 0.000000000 1.000000000 0.000000000
226 0.995499253 0.004500770 0.000000000
227 0.999605000 0.000394991 0.000000000
228 0.662581980 0.337418020 0.000000000
229 0.000000000 1.000000000 0.000000000
230 0.978058100 0.021941897 0.000000000
231 0.004305175 0.995694816 0.000000000
232 0.278742284 0.721257746 0.000000000
233 0.000000000 1.000000000 0.000000000
234 0.000000000 0.056188349 0.943811655
235 0.000000000 0.228127554 0.771872461
236 0.000000000 0.086061656 0.913938344
237 0.000000000 0.993975759 0.006024234
238 0.000000000 0.120508716 0.879491270
239 0.000000000 0.690846622 0.309153348
240 0.000000000 0.894407094 0.105592914
241 0.000000000 0.756081522 0.243918464
242 0.000000000 0.434726745 0.565273285
243 0.000000000 0.000000000 1.000000000
244 0.000000000 0.910176158 0.089823864
245 0.000000000 0.441506833 0.558493197
246 0.000000000 0.998751223 0.001248766
247 0.000000000 0.000409805 0.999590218
248 0.000000000 0.791291714 0.208708286
249 0.000000000 0.557014465 0.442985564
250 0.000000000 0.598227799 0.401772201
251 0.000000000 0.000000000 1.000000000
252 0.000000000 0.000000000 1.000000000
253 0.931034863 0.000000000 0.068965115
254 0.750355005 0.000069342 0.249575660
255 0.993063927 0.005660908 0.001275187
256 0.000000000 0.000004880 0.999995112
257 0.583631754 0.309775829 0.106592424
258 0.043085773 0.920545399 0.036368802
259 0.366286516 0.569397271 0.064316183
260 0.000000000 0.065625176 0.934374809
261 0.000000000 0.000000000 1.000000000
262 0.978433788 0.004154341 0.017411865
263 1.000000000 0.000000000 0.000000000
264 0.987344980 0.012655023 0.000000000
265 0.000000000 0.006672075 0.993327916
266 0.744144917 0.253383994 0.002471058
267 0.000447840 0.992562175 0.006990001
268 0.099131145 0.883474410 0.017394448
269 0.000001161 0.015162054 0.984836757
270 0.000000000 1.000000000 0.000000000
271 1.000000000 0.000000000 0.000000000
272 1.000000000 0.000000000 0.000000000
273 1.000000000 0.000000000 0.000000000
274 0.000000000 1.000000000 0.000000000
275 0.985057652 0.014942340 0.000000000
276 0.298780829 0.701219201 0.000000000
277 0.394379169 0.605620861 0.000000000
278 0.002243244 0.997756779 0.000000000
279 0.000000000 1.000000000 0.000000000
280 1.000000000 0.000000000 0.000000000
281 1.000000000 0.000000000 0.000000000
282 1.000000000 0.000000000 0.000000000
283 0.000000000 1.000000000 0.000000000
284 0.939017773 0.060982246 0.000000000
285 0.088825658 0.911174357 0.000000000
286 0.662346661 0.337653339 0.000000000
287 0.000000000 1.000000000 0.000000000
