0 0 -1 0 0 -1 0.000000000 0.765068531 0.234931469
1 0 -1 0 1 -1 0.000000000 0.884819031 0.115180984
2 0 -1 0 2 -1 0.000000000 0.855386138 0.144613862
3 0 -1 0 3 -1 0.000000000 0.995782793 0.004217190
4 0 -1 0 4 -1 0.000000000 0.857142806 0.142857224
5 0 -1 0 5 -1 0.000000000 0.452719510 0.547280490
6 0 -1 1 0 -1 0.000000000 0.449217707 0.550782323
7 0 -1 1 1 -1 0.000000000 0.490720779 0.509279191
8 0 -1 1 2 -1 0.000000000 0.999902189 0.000097833
9 0 -1 1 3 -1 0.000000000 0.999940395 0.000059632
10 0 -1 1 4 -1 0.000000000 0.550501585 0.449498415
11 0 -1 1 5 -1 0.000000000 0.000198862 0.999801159
12 0 -1 2 0 -1 0.933599472 0.066295013 0.000105489
13 0 -1 2 1 -1 0.933687389 0.066242188 0.000070413
14 0 -1 2 2 -1 0.646503270 0.353040755 0.000455981
15 0 -1 2 3 -1 0.550136268 0.396290839 0.053572923
16 0 -1 2 4 -1 0.002137572 0.593865633 0.403996795
17 0 -1 2 5 -1 0.000001998 0.349539697 0.650458276
18 0 -1 3 0 -1 0.999984145 0.000003800 0.000012082
19 0 -1 3 1 -1 0.999891341 0.000100234 0.000008455
20 0 -1 3 2 -1 0.634832621 0.344883978 0.020283394
21 0 -1 3 3 -1 0.553659439 0.431426883 0.014913688
22 0 -1 3 4 -1 0.000009234 0.751644790 0.248345986
23 0 -1 3 5 -1 0.000000736 0.207599789 0.792399466
24 0 -1 4 0 -1 0.882489681 0.117510311 0.000000000
25 0 -1 4 1 -1 0.760610282 0.239389703 0.000000000
26 0 -1 4 2 -1 0.811246634 0.188753366 0.000000000
27 0 -1 4 3 -1 0.152765170 0.847234845 0.000000000
28 0 -1 4 4 -1 0.000023417 0.999976575 0.000000000
29 0 -1 4 5 -1 0.000000913 0.999999106 0.000000000
30 0 -1 5 0 -1 0.808352530 0.191647470 0.000000000
31 0 -1 5 1 -1 0.789949000 0.210050970 0.000000000
32 0 -1 5 2 -1 0.528841138 0.471158862 0.000000000
33 0 -1 5 3 -1 0.221678451 0.778321564 0.000000000
34 0 -1 5 4 -1 0.000133635 0.999866366 0.000000000
35 0 -1 5 5 -1 0.000000500 0.999999523 0.000000000
36 1 0 0 0 0 0.000000000 0.000891493 0.999108493
37 1 0 0 0 1 0.000000000 0.252350628 0.747649372
38 1 0 0 0 2 0.000000000 0.479588985 0.520411015
39 1 0 0 0 3 0.000000000 0.394208223 0.605791807
40 1 0 0 0 4 0.000000000 0.240386605 0.759613395
41 1 0 0 0 5 0.000000000 0.254353911 0.745646119
42 1 0 0 1 0 0.000000000 0.404640913 0.595359087
43 1 0 0 1 1 0.000000000 0.000291341 0.999708652
44 1 0 0 1 2 0.000000000 0.999915361 0.000084631
45 1 0 0 1 3 0.000000000 0.999825478 0.000174540
46 1 0 0 1 4 0.000000000 0.999673605 0.000326412
47 1 0 0 1 5 0.000000000 0.998787045 0.001212936
48 1 0 0 2 0 0.000000000 0.999820769 0.000179217
49 1 0 0 2 1 0.000000000 0.999919832 0.000080190
50 1 0 0 2 2 0.000000000 0.002036683 0.997963309
51 1 0 0 2 3 0.000000000 0.999983132 0.000016873
52 1 0 0 2 4 0.000000000 0.999983847 0.000016182
53 1 0 0 2 5 0.000000000 0.999984324 0.000015695
54 1 0 0 3 0 0.000000000 0.999974370 0.000025640
55 1 0 0 3 1 0.000000000 0.999982357 0.000017652
56 1 0 0 3 2 0.000000000 0.999986768 0.000013224
57 1 0 0 3 3 0.000000000 0.001915845 0.998084128
58 1 0 0 3 4 0.000000000 0.999786675 0.000213328
59 1 0 0 3 5 0.000000000 0.999928772 0.000071224
60 1 0 0 4 0 0.000000000 0.999473333 0.000526663
61 1 0 0 4 1 0.000000000 0.999744892 0.000255130
62 1 0 0 4 2 0.000000000 0.999939799 0.000060202
63 1 0 0 4 3 0.000000000 0.999947906 0.000052114
64 1 0 0 4 4 0.000000000 0.000996344 0.999003649
65 1 0 0 4 5 0.000000000 0.000278167 0.999721825
66 1 0 0 5 0 0.000000000 0.099116080 0.900883913
67 1 0 0 5 1 0.000000000 0.081673667 0.918326318
68 1 0 0 5 2 0.000000000 0.623243332 0.376756668
69 1 0 0 5 3 0.000000000 0.561414361 0.438585639
70 1 0 0 5 4 0.000000000 0.019157717 0.980842292
71 1 0 0 5 5 0.000000000 0.997735262 0.002264766
72 1 0 1 0 0 0.000000000 0.000001112 0.999998868
73 1 0 1 0 1 0.000000000 0.270028025 0.729971945
74 1 0 1 0 2 0.000000000 0.257666886 0.742333114
75 1 0 1 0 3 0.000000000 0.257639021 0.742361009
76 1 0 1 0 4 0.000000000 0.654838860 0.345161140
77 1 0 1 0 5 0.000000000 0.182876661 0.817123353
78 1 0 1 1 0 0.000000000 0.321499974 0.678499997
79 1 0 1 1 1 0.000000000 0.000001018 0.999998987
80 1 0 1 1 2 0.000000000 0.999860585 0.000139419
81 1 0 1 1 3 0.000000000 0.999860823 0.000139172
82 1 0 1 1 4 0.000000000 0.999879479 0.000120521
83 1 0 1 1 5 0.000000000 0.999798417 0.000201558
84 1 0 1 2 0 0.000000000 0.999955416 0.000044584
85 1 0 1 2 1 0.000000000 0.999932468 0.000067529
86 1 0 1 2 2 0.000000000 0.000000500 0.999999523
87 1 0 1 2 3 0.000000000 0.999972761 0.000027224
88 1 0 1 2 4 0.000000000 0.999974012 0.000025994
89 1 0 1 2 5 0.000000000 0.999969542 0.000030458
90 1 0 1 3 0 0.000000000 0.999987066 0.000012955
91 1 0 1 3 1 0.000000000 0.999980152 0.000019852
92 1 0 1 3 2 0.000000000 0.999971271 0.000028735
93 1 0 1 3 3 0.000000000 0.000000500 0.999999523
94 1 0 1 3 4 0.000000000 0.656432271 0.343567759
95 1 0 1 3 5 0.000000000 0.999725103 0.000274925
96 1 0 1 4 0 0.000000000 0.500201643 0.499798387
97 1 0 1 4 1 0.000000000 0.551844120 0.448155880
98 1 0 1 4 2 0.000000000 0.999467790 0.000532182
99 1 0 1 4 3 0.000000000 0.999485195 0.000514821
100 1 0 1 4 4 0.000000000 0.000000907 0.999999106
101 1 0 1 4 5 0.000000000 0.000010985 0.999989033
102 1 0 1 5 0 0.000000000 0.172145218 0.827854753
103 1 0 1 5 1 0.000000000 0.133857548 0.866142452
104 1 0 1 5 2 0.000000000 0.121509016 0.878490984
105 1 0 1 5 3 0.000000000 0.108373150 0.891626835
106 1 0 1 5 4 0.000000000 0.064841613 0.935158372
107 1 0 1 5 5 0.000000000 0.002511798 0.997488201
108 1 0 2 0 0 0.000000741 0.000006260 0.999993026
109 1 0 2 0 1 0.999977410 0.000000741 0.000021854
110 1 0 2 0 2 0.999975562 0.000000741 0.000023718
111 1 0 2 0 3 0.999973595 0.000000741 0.000025693
112 1 0 2 0 4 0.999976814 0.000000741 0.000022471
113 1 0 2 0 5 0.999978364 0.000000741 0.000020895
114 1 0 2 1 0 0.999982119 0.000000679 0.000017198
115 1 0 2 1 1 0.000000679 0.000005637 0.999993682
116 1 0 2 1 2 0.935941398 0.043301415 0.020757174
117 1 0 2 1 3 0.934872687 0.042424247 0.022703083
118 1 0 2 1 4 0.927315176 0.050627578 0.022057274
119 1 0 2 1 5 0.973164737 0.026810383 0.000024909
120 1 0 2 2 0 0.878209412 0.099179626 0.022610970
121 1 0 2 2 1 0.870214701 0.112184353 0.017600933
122 1 0 2 2 2 0.000000333 0.000002653 0.999997020
123 1 0 2 2 3 0.824064791 0.161974385 0.013960835
124 1 0 2 2 4 0.841413438 0.101973161 0.056613408
125 1 0 2 2 5 0.815386117 0.184594080 0.000019830
126 1 0 2 3 0 0.863900959 0.118571408 0.017527610
127 1 0 2 3 1 0.880081356 0.105483957 0.014434700
128 1 0 2 3 2 0.857204437 0.128058866 0.014736714
129 1 0 2 3 3 0.000000333 0.000002613 0.999997079
130 1 0 2 3 4 0.497700959 0.491011798 0.011287246
131 1 0 2 3 5 0.666892350 0.333053261 0.000054411
132 1 0 2 4 0 0.071674056 0.884643197 0.043682717
133 1 0 2 4 1 0.089914218 0.840862334 0.069223426
134 1 0 2 4 2 0.567970037 0.420265257 0.011764717
135 1 0 2 4 3 0.629797637 0.359263510 0.010938888
136 1 0 2 4 4 0.000000605 0.000003733 0.999995649
137 1 0 2 4 5 0.000043680 0.986908376 0.013047959
138 1 0 2 5 0 0.038834073 0.846329212 0.114836693
139 1 0 2 5 1 0.039089222 0.835775197 0.125135556
140 1 0 2 5 2 0.039347354 0.833933711 0.126718909
141 1 0 2 5 3 0.040759053 0.835254073 0.123986855
142 1 0 2 5 4 0.043081384 0.820867717 0.136050880
143 1 0 2 5 5 0.001674532 0.008743301 0.989582181
144 1 0 3 0 0 0.000244116 0.000244116 0.999511778
145 1 0 3 0 1 0.999987125 0.000000862 0.000011997
146 1 0 3 0 2 0.999995053 0.000000454 0.000004506
147 1 0 3 0 3 0.999993980 0.000000552 0.000005482
148 1 0 3 0 4 0.999990106 0.000000905 0.000008990
149 1 0 3 0 5 0.999990642 0.000000856 0.000008496
150 1 0 3 1 0 0.999993682 0.000000465 0.000005863
151 1 0 3 1 1 0.000645889 0.000645889 0.998708248
152 1 0 3 1 2 0.969266474 0.030729109 0.000004439
153 1 0 3 1 3 0.990039349 0.009956242 0.000004440
154 1 0 3 1 4 0.999992013 0.000003539 0.000004440
155 1 0 3 1 5 0.969193876 0.015157003 0.015649132
156 1 0 3 2 0 0.974086404 0.025907839 0.000005771
157 1 0 3 2 1 0.978838503 0.021156697 0.000004794
158 1 0 3 2 2 0.000095572 0.000095572 0.999808848
159 1 0 3 2 3 0.784732580 0.215262353 0.000005082
160 1 0 3 2 4 0.999811828 0.000182932 0.000005256
161 1 0 3 2 5 0.918113232 0.068092048 0.013794735
162 1 0 3 3 0 0.976525247 0.023460604 0.000014124
163 1 0 3 3 1 0.980816305 0.019176606 0.000007114
164 1 0 3 3 2 0.804869950 0.195123911 0.000006115
165 1 0 3 3 3 0.000087275 0.000087275 0.999825478
166 1 0 3 3 4 0.074875548 0.925066471 0.000057990
167 1 0 3 3 5 0.317614138 0.643414378 0.038971502
168 1 0 3 4 0 0.000115289 0.999819100 0.000065637
169 1 0 3 4 1 0.000165109 0.999806941 0.000027938
170 1 0 3 4 2 0.373572350 0.626411200 0.000016435
171 1 0 3 4 3 0.378895372 0.621091783 0.000012854
172 1 0 3 4 4 0.000194963 0.000194963 0.999610066
173 1 0 3 4 5 0.000805274 0.001700444 0.997494280
174 1 0 3 5 0 0.000005510 0.994651496 0.005343017
175 1 0 3 5 1 0.000005494 0.999843061 0.000151463
176 1 0 3 5 2 0.014230770 0.985764742 0.000004468
177 1 0 3 5 3 0.017686818 0.982306898 0.000006293
178 1 0 3 5 4 0.000068158 0.995450556 0.004481294
179 1 0 3 5 5 0.000000369 0.000000369 0.999999285
180 1 0 4 0 0 0.000000327 0.999999702 0.000000000
181 1 0 4 0 1 0.999999583 0.000000437 0.000000000
182 1 0 4 0 2 0.999999344 0.000000627 0.000000000
183 1 0 4 0 3 0.999999464 0.000000539 0.000000000
184 1 0 4 0 4 0.999999583 0.000000430 0.000000000
185 1 0 4 0 5 0.999999583 0.000000438 0.000000000
186 1 0 4 1 0 0.999999523 0.000000474 0.000000000
187 1 0 4 1 1 0.000000282 0.999999702 0.000000000
188 1 0 4 1 2 0.944118977 0.055881016 0.000000000
189 1 0 4 1 3 0.970722497 0.029277490 0.000000000
190 1 0 4 1 4 0.985002279 0.014997724 0.000000000
191 1 0 4 1 5 0.996001363 0.003998657 0.000000000
192 1 0 4 2 0 0.980393648 0.019606330 0.000000000
193 1 0 4 2 1 0.951084256 0.048915751 0.000000000
194 1 0 4 2 2 0.000000293 0.999999702 0.000000000
195 1 0 4 2 3 0.362430811 0.637569189 0.000000000
196 1 0 4 2 4 0.412168443 0.587831557 0.000000000
197 1 0 4 2 5 0.423715591 0.576284409 0.000000000
198 1 0 4 3 0 0.421299934 0.578700066 0.000000000
199 1 0 4 3 1 0.281370074 0.718629897 0.000000000
200 1 0 4 3 2 0.323672146 0.676327825 0.000000000
201 1 0 4 3 3 0.000000251 0.999999762 0.000000000
202 1 0 4 3 4 0.429546475 0.570453525 0.000000000
203 1 0 4 3 5 0.156251535 0.843748450 0.000000000
204 1 0 4 4 0 0.555896759 0.444103211 0.000000000
205 1 0 4 4 1 0.465692639 0.534307361 0.000000000
206 1 0 4 4 2 0.248818144 0.751181841 0.000000000
207 1 0 4 4 3 0.204232991 0.795767009 0.000000000
208 1 0 4 4 4 0.000000292 0.999999702 0.000000000
209 1 0 4 4 5 0.000007330 0.999992669 0.000000000
210 1 0 4 5 0 0.553036630 0.446963370 0.000000000
211 1 0 4 5 1 0.589470267 0.410529703 0.000000000
212 1 0 4 5 2 0.999651670 0.000348322 0.000000000
213 1 0 4 5 3 0.999698460 0.000301545 0.000000000
214 1 0 4 5 4 0.560978532 0.439021468 0.000000000
215 1 0 4 5 5 0.000243587 0.999756396 0.000000000
216 1 0 5 0 0 0.000000556 0.999999464 0.000000000
217 1 0 5 0 1 0.999999225 0.000000762 0.000000000
218 1 0 5 0 2 0.999999225 0.000000749 0.000000000
219 1 0 5 0 3 0.999999225 0.000000749 0.000000000
220 1 0 5 0 4 0.999998391 0.000001611 0.000000000
221 1 0 5 0 5 0.999999344 0.000000680 0.000000000
222 1 0 5 1 0 0.999999225 0.000000750 0.000000000
223 1 0 5 1 1 0.000000509 0.999999464 0.000000000
224 1 0 5 1 2 0.996349514 0.003650474 0.000000000
225 1 0 5 1 3 0.996343076 0.003656944 0.000000000
226 1 0 5 1 4 0.995777130 0.004222873 0.000000000
227 1 0 5 1 5 0.997474968 0.002525054 0.000000000
228 1 0 5 2 0 0.994397640 0.005602356 0.000000000
229 1 0 5 2 1 0.996301234 0.003698752 0.000000000
230 1 0 5 2 2 0.000000250 0.999999762 0.000000000
231 1 0 5 2 3 0.140982568 0.859017432 0.000000000
232 1 0 5 2 4 0.093653105 0.906346917 0.000000000
233 1 0 5 2 5 0.114149138 0.885850847 0.000000000
234 1 0 5 3 0 0.245104104 0.754895926 0.000000000
235 1 0 5 3 1 0.180778697 0.819221318 0.000000000
236 1 0 5 3 2 0.163418829 0.836581171 0.000000000
237 1 0 5 3 3 0.000000250 0.999999762 0.000000000
238 1 0 5 3 4 0.240885019 0.759114981 0.000000000
239 1 0 5 3 5 0.563480794 0.436519206 0.000000000
240 1 0 5 4 0 0.479813844 0.520186126 0.000000000
241 1 0 5 4 1 0.289545447 0.710454524 0.000000000
242 1 0 5 4 2 0.728799522 0.271200448 0.000000000
243 1 0 5 4 3 0.889645457 0.110354573 0.000000000
244 1 0 5 4 4 0.000000454 0.999999523 0.000000000
245 1 0 5 4 5 0.284853071 0.715146959 0.000000000
246 1 0 5 5 0 0.132185072 0.867814898 0.000000000
247 1 0 5 5 1 0.132922456 0.867077529 0.000000000
248 1 0 5 5 2 0.519906878 0.480093122 0.000000000
249 1 0 5 5 3 0.561125159 0.438874841 0.000000000
250 1 0 5 5 4 0.113800235 0.886199772 0.000000000
251 1 0 5 5 5 0.001259061 0.998740911 0.000000000
252 1 1 0 0 0 0.000000000 0.136271745 0.863728285
253 1 1 0 0 1 0.000000000 0.000226891 0.999773085
254 1 1 0 0 2 0.000000000 0.229582086 0.770417929
255 1 1 0 0 3 0.000000000 0.586359143 0.413640887
256 1 1 0 0 4 0.000000000 0.849931836 0.150068134
257 1 1 0 0 5 0.000000000 0.579071641 0.420928389
258 1 1 0 1 0 0.000000000 0.002403236 0.997596741
259 1 1 0 1 1 0.000000000 0.132678375 0.867321610
260 1 1 0 1 2 0.000000000 0.503748059 0.496251941
261 1 1 0 1 3 0.000000000 0.855496049 0.144503921
262 1 1 0 1 4 0.000000000 0.998275638 0.001724373
263 1 1 0 1 5 0.000000000 0.637814522 0.362185448
264 1 1 0 2 0 0.000000000 0.001929403 0.998070598
265 1 1 0 2 1 0.000000000 0.972517669 0.027482349
266 1 1 0 2 2 0.000000000 0.014571303 0.985428691
267 1 1 0 2 3 0.000000000 0.998427570 0.001572445
268 1 1 0 2 4 0.000000000 0.999564707 0.000435307
269 1 1 0 2 5 0.000000000 0.999267936 0.000732081
270 1 1 0 3 0 0.000000000 0.994528830 0.005471162
271 1 1 0 3 1 0.000000000 0.991019011 0.008980967
272 1 1 0 3 2 0.000000000 0.989124358 0.010875669
273 1 1 0 3 3 0.000000000 0.017481629 0.982518375
274 1 1 0 3 4 0.000000000 0.994703650 0.005296368
275 1 1 0 3 5 0.000000000 0.997061253 0.002938762
276 1 1 0 4 0 0.000000000 0.998299718 0.001700255
277 1 1 0 4 1 0.000000000 0.998631299 0.001368714
278 1 1 0 4 2 0.000000000 0.998597622 0.001402403
279 1 1 0 4 3 0.000000000 0.999438584 0.000561403
280 1 1 0 4 4 0.000000000 0.039193913 0.960806072
281 1 1 0 4 5 0.000000000 0.451579094 0.548420906
282 1 1 0 5 0 0.000000000 0.000109713 0.999890268
283 1 1 0 5 1 0.000000000 0.000102980 0.999897003
284 1 1 0 5 2 0.000000000 0.041937288 0.958062708
285 1 1 0 5 3 0.000000000 0.483237118 0.516762912
286 1 1 0 5 4 0.000000000 0.963077486 0.036922529
287 1 1 0 5 5 0.000000000 0.000782657 0.999217331
288 1 1 1 0 0 0.000000000 0.000015069 0.999984920
289 1 1 1 0 1 0.000000000 0.005329040 0.994670987
290 1 1 1 0 2 0.000000000 0.000126054 0.999873936
291 1 1 1 0 3 0.000000000 0.000015564 0.999984443
292 1 1 1 0 4 0.000000000 0.000015069 0.999984920
293 1 1 1 0 5 0.000000000 0.000015069 0.999984920
294 1 1 1 1 0 0.000000000 0.358052790 0.641947210
295 1 1 1 1 1 0.000000000 0.000015081 0.999984920
296 1 1 1 1 2 0.000000000 0.001473194 0.998526812
297 1 1 1 1 3 0.000000000 0.001379188 0.998620808
298 1 1 1 1 4 0.000000000 0.995627284 0.004372688
299 1 1 1 1 5 0.000000000 0.000038347 0.999961674
300 1 1 1 2 0 0.000000000 0.698035896 0.301964134
301 1 1 1 2 1 0.000000000 0.799091697 0.200908318
302 1 1 1 2 2 0.000000000 0.000003110 0.999996901
303 1 1 1 2 3 0.000000000 0.778452873 0.221547142
304 1 1 1 2 4 0.000000000 0.999903381 0.000096622
305 1 1 1 2 5 0.000000000 0.987931013 0.012069006
306 1 1 1 3 0 0.000000000 0.997259200 0.002740789
307 1 1 1 3 1 0.000000000 0.999923527 0.000076502
308 1 1 1 3 2 0.000000000 0.828070998 0.171929017
309 1 1 1 3 3 0.000000000 0.000003069 0.999996960
310 1 1 1 3 4 0.000000000 0.999942303 0.000057691
311 1 1 1 3 5 0.000000000 0.999950230 0.000049785
312 1 1 1 4 0 0.000000000 0.968395233 0.031604793
313 1 1 1 4 1 0.000000000 0.817168653 0.182831347
314 1 1 1 4 2 0.000000000 0.889635742 0.110364251
315 1 1 1 4 3 0.000000000 0.999923646 0.000076350
316 1 1 1 4 4 0.000000000 0.000003872 0.999996126
317 1 1 1 4 5 0.000000000 0.541945279 0.458054692
318 1 1 1 5 0 0.000000000 0.000011491 0.999988496
319 1 1 1 5 1 0.000000000 0.000007772 0.999992251
320 1 1 1 5 2 0.000000000 0.000008181 0.999991834
321 1 1 1 5 3 0.000000000 0.000009127 0.999990880
322 1 1 1 5 4 0.000000000 0.004613773 0.995386243
323 1 1 1 5 5 0.000000000 0.000006969 0.999993026
324 1 1 2 0 0 0.000010046 0.000010046 0.999979913
325 1 1 2 0 1 0.999979913 0.000010046 0.000010046
326 1 1 2 0 2 0.999975085 0.000010046 0.000014847
327 1 1 2 0 3 0.999926150 0.000010046 0.000063822
328 1 1 2 0 4 0.999675035 0.000010046 0.000314910
329 1 1 2 0 5 0.999979913 0.000010046 0.000010046
330 1 1 2 1 0 0.999979913 0.000010054 0.000010054
331 1 1 2 1 1 0.000010054 0.000010054 0.999979913
332 1 1 2 1 2 0.999979913 0.000010054 0.000010054
333 1 1 2 1 3 0.999962330 0.000010054 0.000027645
334 1 1 2 1 4 0.922059059 0.049332958 0.028607976
335 1 1 2 1 5 0.999979556 0.000010054 0.000010366
336 1 1 2 2 0 0.999993086 0.000004154 0.000002732
337 1 1 2 2 1 0.991086781 0.008911219 0.000001988
338 1 1 2 2 2 0.000001886 0.000001886 0.999996245
339 1 1 2 2 3 0.847514510 0.152458936 0.000026533
340 1 1 2 2 4 0.730661333 0.173374847 0.095963806
341 1 1 2 2 5 0.734411478 0.235463992 0.030124534
342 1 1 2 3 0 0.964391649 0.035602357 0.000005987
343 1 1 2 3 1 0.937443674 0.062549487 0.000006814
344 1 1 2 3 2 0.952704608 0.047283243 0.000012169
345 1 1 2 3 3 0.000001681 0.000001681 0.999996662
346 1 1 2 3 4 0.620483696 0.337431014 0.042085331
347 1 1 2 3 5 0.727436304 0.252525181 0.020038515
348 1 1 2 4 0 0.340896457 0.659081578 0.000021941
349 1 1 2 4 1 0.121045068 0.878934264 0.000020664
350 1 1 2 4 2 0.285177976 0.714796841 0.000025216
351 1 1 2 4 3 0.402347386 0.597607076 0.000045526
352 1 1 2 4 4 0.000001121 0.000001669 0.999997199
353 1 1 2 4 5 0.000037089 0.999785244 0.000177674
354 1 1 2 5 0 0.000001905 0.891453326 0.108544767
355 1 1 2 5 1 0.000001939 0.891458333 0.108539723
356 1 1 2 5 2 0.000002790 0.422638267 0.577358961
357 1 1 2 5 3 0.000002560 0.347834587 0.652162850
358 1 1 2 5 4 0.000054001 0.998244286 0.001701700
359 1 1 2 5 5 0.000001905 0.000003577 0.999994516
360 1 1 3 0 0 0.000005201 0.000010031 0.999984741
361 1 1 3 0 1 0.780586660 0.006073889 0.213339433
362 1 1 3 0 2 0.999781728 0.000007190 0.000211088
363 1 1 3 0 3 0.999914527 0.000002922 0.000082555
364 1 1 3 0 4 0.999927163 0.000001830 0.000070987
365 1 1 3 0 5 0.999892950 0.000002699 0.000104341
366 1 1 3 1 0 0.957475662 0.001533115 0.040991236
367 1 1 3 1 1 0.000010895 0.000027859 0.999961257
368 1 1 3 1 2 0.999759912 0.000034346 0.000205723
369 1 1 3 1 3 0.999856591 0.000026149 0.000117279
370 1 1 3 1 4 0.999871850 0.000004917 0.000123238
371 1 1 3 1 5 0.999799311 0.000007386 0.000193274
372 1 1 3 2 0 0.949223757 0.012479261 0.038296968
373 1 1 3 2 1 0.999899864 0.000022155 0.000077972
374 1 1 3 2 2 0.000079014 0.000220278 0.999700725
375 1 1 3 2 3 0.999761999 0.000145000 0.000093001
376 1 1 3 2 4 0.999842465 0.000050730 0.000106796
377 1 1 3 2 5 0.999871135 0.000030023 0.000098846
378 1 1 3 3 0 0.962480128 0.009570455 0.027949398
379 1 1 3 3 1 0.988342762 0.008755426 0.002901806
380 1 1 3 3 2 0.986666679 0.008367817 0.004965494
381 1 1 3 3 3 0.002258446 0.007199710 0.990541816
382 1 1 3 3 4 0.986495733 0.009374195 0.004130079
383 1 1 3 3 5 0.936492682 0.058803156 0.004704184
384 1 1 3 4 0 0.426824391 0.548621356 0.024554266
385 1 1 3 4 1 0.254831672 0.733803689 0.011364643
386 1 1 3 4 2 0.462090820 0.537381947 0.000527236
387 1 1 3 4 3 0.988520741 0.011313349 0.000165897
388 1 1 3 4 4 0.000029737 0.000029737 0.999940515
389 1 1 3 4 5 0.000049208 0.995717108 0.004233699
390 1 1 3 5 0 0.002772973 0.002772973 0.994454026
391 1 1 3 5 1 0.002954289 0.002954289 0.994091451
392 1 1 3 5 2 0.000007254 0.993785679 0.006207091
393 1 1 3 5 3 0.000029844 0.999604404 0.000365774
394 1 1 3 5 4 0.162336364 0.837559760 0.000103903
395 1 1 3 5 5 0.000388717 0.000695429 0.998915851
396 1 1 4 0 0 0.000001231 0.999998748 0.000000000
397 1 1 4 0 1 0.999998927 0.000001063 0.000000000
398 1 1 4 0 2 0.999998629 0.000001380 0.000000000
399 1 1 4 0 3 0.999997437 0.000002570 0.000000000
400 1 1 4 0 4 0.999992907 0.000007084 0.000000000
401 1 1 4 0 5 0.999997497 0.000002526 0.000000000
402 1 1 4 1 0 0.999997854 0.000002174 0.000000000
403 1 1 4 1 1 0.000002500 0.999997497 0.000000000
404 1 1 4 1 2 0.999899447 0.000100540 0.000000000
405 1 1 4 1 3 0.999693573 0.000306417 0.000000000
406 1 1 4 1 4 0.984235346 0.015764676 0.000000000
407 1 1 4 1 5 0.999944448 0.000055553 0.000000000
408 1 1 4 2 0 0.999951601 0.000048370 0.000000000
409 1 1 4 2 1 0.998243451 0.001756564 0.000000000
410 1 1 4 2 2 0.000001753 0.999998271 0.000000000
411 1 1 4 2 3 0.966820896 0.033179108 0.000000000
412 1 1 4 2 4 0.874711871 0.125288159 0.000000000
413 1 1 4 2 5 0.932845891 0.067154124 0.000000000
414 1 1 4 3 0 0.497312486 0.502687514 0.000000000
415 1 1 4 3 1 0.694297791 0.305702209 0.000000000
416 1 1 4 3 2 0.776906669 0.223093331 0.000000000
417 1 1 4 3 3 0.000060276 0.999939740 0.000000000
418 1 1 4 3 4 0.312152237 0.687847793 0.000000000
419 1 1 4 3 5 0.347067475 0.652932525 0.000000000
420 1 1 4 4 0 0.257922113 0.742077887 0.000000000
421 1 1 4 4 1 0.273097187 0.726902843 0.000000000
422 1 1 4 4 2 0.426277846 0.573722124 0.000000000
423 1 1 4 4 3 0.671864927 0.328135073 0.000000000
424 1 1 4 4 4 0.000001820 0.999998152 0.000000000
425 1 1 4 4 5 0.993311822 0.006688163 0.000000000
426 1 1 4 5 0 0.211489320 0.788510680 0.000000000
427 1 1 4 5 1 0.103755429 0.896244586 0.000000000
428 1 1 4 5 2 0.155665621 0.844334364 0.000000000
429 1 1 4 5 3 0.009475728 0.990524292 0.000000000
430 1 1 4 5 4 0.975395381 0.024604630 0.000000000
431 1 1 4 5 5 0.000000457 0.999999523 0.000000000
432 1 1 5 0 0 0.000007535 0.999992490 0.000000000
433 1 1 5 0 1 0.999992430 0.000007575 0.000000000
434 1 1 5 0 2 0.999992490 0.000007535 0.000000000
435 1 1 5 0 3 0.999992490 0.000007535 0.000000000
436 1 1 5 0 4 0.999992490 0.000007535 0.000000000
437 1 1 5 0 5 0.999992490 0.000007535 0.000000000
438 1 1 5 1 0 0.999988258 0.000011746 0.000000000
439 1 1 5 1 1 0.000007541 0.999992430 0.000000000
440 1 1 5 1 2 0.999989092 0.000010917 0.000000000
441 1 1 5 1 3 0.999992430 0.000007559 0.000000000
442 1 1 5 1 4 0.996360660 0.003639332 0.000000000
443 1 1 5 1 5 0.999990344 0.000009636 0.000000000
444 1 1 5 2 0 0.999978900 0.000021123 0.000000000
445 1 1 5 2 1 0.999977946 0.000022037 0.000000000
446 1 1 5 2 2 0.000001415 0.999998569 0.000000000
447 1 1 5 2 3 0.663927197 0.336072773 0.000000000
448 1 1 5 2 4 0.608062148 0.391937852 0.000000000
449 1 1 5 2 5 0.999448895 0.000551086 0.000000000
450 1 1 5 3 0 0.989277959 0.010722050 0.000000000
451 1 1 5 3 1 0.667647064 0.332352936 0.000000000
452 1 1 5 3 2 0.900781691 0.099218309 0.000000000
453 1 1 5 3 3 0.000001260 0.999998748 0.000000000
454 1 1 5 3 4 0.300370544 0.699629486 0.000000000
455 1 1 5 3 5 0.318565965 0.681434035 0.000000000
456 1 1 5 4 0 0.678860664 0.321139336 0.000000000
457 1 1 5 4 1 0.407278001 0.592721999 0.000000000
458 1 1 5 4 2 0.265110672 0.734889328 0.000000000
459 1 1 5 4 3 0.231960908 0.768039107 0.000000000
460 1 1 5 4 4 0.000000841 0.999999166 0.000000000
461 1 1 5 4 5 0.069905236 0.930094779 0.000000000
462 1 1 5 5 0 0.232945442 0.767054558 0.000000000
463 1 1 5 5 1 0.206525147 0.793474853 0.000000000
464 1 1 5 5 2 0.155077621 0.844922364 0.000000000
465 1 1 5 5 3 0.000087553 0.999912441 0.000000000
466 1 1 5 5 4 0.398747534 0.601252496 0.000000000
467 1 1 5 5 5 0.000001429 0.999998569 0.000000000
468 1 2 0 0 0 0.000000000 0.057271134 0.942728877
469 1 2 0 0 1 0.000000000 0.057271134 0.942728877
470 1 2 0 0 2 0.000000000 0.123550199 0.876449823
471 1 2 0 0 3 0.000000000 0.118815251 0.881184757
472 1 2 0 0 4 0.000000000 0.057271134 0.942728877
473 1 2 0 0 5 0.000000000 0.102174625 0.897825360
474 1 2 0 1 0 0.000000000 0.986333430 0.013666560
475 1 2 0 1 1 0.000000000 0.977464497 0.022535518
476 1 2 0 1 2 0.000000000 0.971888363 0.028111650
477 1 2 0 1 3 0.000000000 0.947247028 0.052752949
478 1 2 0 1 4 0.000000000 0.659671545 0.340328485
479 1 2 0 1 5 0.000000000 0.977188170 0.022811802
480 1 2 0 2 0 0.000000000 0.999997139 0.000002888
481 1 2 0 2 1 0.000000000 0.999994576 0.000005441
482 1 2 0 2 2 0.000000000 0.999936581 0.000063439
483 1 2 0 2 3 0.000000000 0.999953747 0.000046260
484 1 2 0 2 4 0.000000000 0.919080436 0.080919571
485 1 2 0 2 5 0.000000000 0.999989748 0.000010270
486 1 2 0 3 0 0.000000000 0.999996185 0.000003836
487 1 2 0 3 1 0.000000000 0.999996841 0.000003152
488 1 2 0 3 2 0.000000000 0.999994874 0.000005108
489 1 2 0 3 3 0.000000000 0.999704003 0.000295981
490 1 2 0 3 4 0.000000000 0.909303486 0.090696506
491 1 2 0 3 5 0.000000000 0.999982476 0.000017515
492 1 2 0 4 0 0.000000000 0.999996185 0.000003797
493 1 2 0 4 1 0.000000000 0.999997377 0.000002603
494 1 2 0 4 2 0.000000000 0.999985754 0.000014262
495 1 2 0 4 3 0.000000000 0.999940991 0.000058999
496 1 2 0 4 4 0.000000000 0.512293756 0.487706274
497 1 2 0 4 5 0.000000000 0.999987304 0.000012697
498 1 2 0 5 0 0.000000000 0.999976337 0.000023655
499 1 2 0 5 1 0.000000000 0.999980688 0.000019284
500 1 2 0 5 2 0.000000000 0.999644458 0.000355548
501 1 2 0 5 3 0.000000000 0.999804556 0.000195445
502 1 2 0 5 4 0.000000000 0.999915361 0.000084609
503 1 2 0 5 5 0.000000000 0.999916494 0.000083504
504 1 2 1 0 0 0.000000000 0.000000907 0.999999106
505 1 2 1 0 1 0.000000000 0.000399937 0.999600053
506 1 2 1 0 2 0.000000000 0.466733485 0.533266485
507 1 2 1 0 3 0.000000000 0.495765984 0.504234016
508 1 2 1 0 4 0.000000000 0.803370297 0.196629703
509 1 2 1 0 5 0.000000000 0.515928268 0.484071761
510 1 2 1 1 0 0.000000000 0.000028806 0.999971211
511 1 2 1 1 1 0.000000000 0.000000981 0.999999046
512 1 2 1 1 2 0.000000000 0.791369915 0.208630100
513 1 2 1 1 3 0.000000000 0.760175049 0.239824980
514 1 2 1 1 4 0.000000000 0.823413014 0.176587000
515 1 2 1 1 5 0.000000000 0.777931929 0.222068042
516 1 2 1 2 0 0.000000000 0.206616431 0.793383539
517 1 2 1 2 1 0.000000000 0.578320861 0.421679109
518 1 2 1 2 2 0.000000000 0.005105652 0.994894326
519 1 2 1 2 3 0.000000000 0.975607038 0.024392970
520 1 2 1 2 4 0.000000000 0.975432754 0.024567246
521 1 2 1 2 5 0.000000000 0.897374034 0.102625936
522 1 2 1 3 0 0.000000000 0.707815468 0.292184532
523 1 2 1 3 1 0.000000000 0.830795527 0.169204473
524 1 2 1 3 2 0.000000000 0.937971056 0.062028967
525 1 2 1 3 3 0.000000000 0.009028872 0.990971148
526 1 2 1 3 4 0.000000000 0.748594880 0.251405090
527 1 2 1 3 5 0.000000000 0.942957699 0.057042323
528 1 2 1 4 0 0.000000000 0.990514338 0.009485640
529 1 2 1 4 1 0.000000000 0.728106022 0.271894008
530 1 2 1 4 2 0.000000000 0.999790668 0.000209320
531 1 2 1 4 3 0.000000000 0.999863744 0.000136256
532 1 2 1 4 4 0.000000000 0.000004288 0.999995708
533 1 2 1 4 5 0.000000000 0.000094663 0.999905348
534 1 2 1 5 0 0.000000000 0.000001596 0.999998391
535 1 2 1 5 1 0.000000000 0.000005963 0.999994040
536 1 2 1 5 2 0.000000000 0.000005543 0.999994457
537 1 2 1 5 3 0.000000000 0.000099463 0.999900520
538 1 2 1 5 4 0.000000000 0.728971362 0.271028608
539 1 2 1 5 5 0.000000000 0.000001584 0.999998391
540 1 2 2 0 0 0.000000605 0.000005203 0.999994218
541 1 2 2 0 1 0.937419832 0.000000605 0.062579587
542 1 2 2 0 2 0.999938130 0.000000605 0.000061284
543 1 2 2 0 3 0.999883235 0.000005780 0.000110998
544 1 2 2 0 4 0.999967217 0.000000605 0.000032182
545 1 2 2 0 5 0.958174467 0.000000605 0.041824941
546 1 2 2 1 0 0.999990582 0.000000654 0.000008751
547 1 2 2 1 1 0.000000654 0.039849885 0.960149467
548 1 2 2 1 2 0.999870479 0.000090995 0.000038555
549 1 2 2 1 3 0.999911189 0.000015799 0.000072987
550 1 2 2 1 4 0.999965191 0.000014945 0.000019877
551 1 2 2 1 5 0.967284739 0.000005797 0.032709453
552 1 2 2 2 0 0.813323736 0.152333796 0.034342486
553 1 2 2 2 1 0.510592699 0.288418621 0.200988695
554 1 2 2 2 2 0.003403768 0.027298814 0.969297409
555 1 2 2 2 3 0.617253959 0.303961158 0.078784846
556 1 2 2 2 4 0.668536603 0.215905160 0.115558237
557 1 2 2 2 5 0.671851993 0.261103600 0.067044407
558 1 2 2 3 0 0.478691727 0.335636377 0.185671896
559 1 2 2 3 1 0.252254993 0.413856655 0.333888352
560 1 2 2 3 2 0.430242836 0.356037021 0.213720158
561 1 2 2 3 3 0.005584281 0.034376170 0.960039556
562 1 2 2 3 4 0.171469346 0.473800540 0.354730129
563 1 2 2 3 5 0.148140058 0.468698025 0.383161932
564 1 2 2 4 0 0.179511666 0.406153560 0.414334774
565 1 2 2 4 1 0.001842490 0.475736320 0.522421181
566 1 2 2 4 2 0.504887938 0.494455248 0.000656810
567 1 2 2 4 3 0.487120569 0.495053500 0.017825916
568 1 2 2 4 4 0.000000741 0.000006556 0.999992728
569 1 2 2 4 5 0.101753473 0.182436213 0.715810299
570 1 2 2 5 0 0.000000333 0.000006259 0.999993384
571 1 2 2 5 1 0.023714507 0.011722788 0.964562714
572 1 2 2 5 2 0.000100789 0.558499813 0.441399395
573 1 2 2 5 3 0.032883517 0.708147168 0.258969337
574 1 2 2 5 4 0.370661676 0.629200935 0.000137406
575 1 2 2 5 5 0.000000333 0.000002753 0.999996901
576 1 2 3 0 0 0.333333343 0.333333343 0.333333343
577 1 2 3 0 1 0.333333343 0.333333343 0.333333343
578 1 2 3 0 2 0.690969706 0.154515147 0.154515147
579 1 2 3 0 3 0.678654432 0.160672784 0.160672784
580 1 2 3 0 4 0.333333343 0.333333343 0.333333343
581 1 2 3 0 5 0.494675905 0.186840698 0.318483412
582 1 2 3 1 0 0.998731077 0.000634457 0.000634457
583 1 2 3 1 1 0.000640213 0.001284698 0.998075068
584 1 2 3 1 2 0.950617909 0.017875874 0.031506225
585 1 2 3 1 3 0.917250276 0.036791615 0.045958083
586 1 2 3 1 4 0.839634955 0.097590946 0.062774077
587 1 2 3 1 5 0.952180684 0.045250893 0.002568401
588 1 2 3 2 0 0.996669233 0.003330408 0.000000336
589 1 2 3 2 1 0.877402961 0.122579075 0.000017993
590 1 2 3 2 2 0.000000188 0.000000344 0.999999464
591 1 2 3 2 3 0.741376817 0.232165709 0.026457481
592 1 2 3 2 4 0.651833475 0.298315287 0.049851209
593 1 2 3 2 5 0.834991336 0.148693189 0.016315486
594 1 2 3 3 0 0.997284532 0.002714852 0.000000634
595 1 2 3 3 1 0.865168989 0.134814963 0.000016053
596 1 2 3 3 2 0.757938862 0.222708628 0.019352507
597 1 2 3 3 3 0.000000129 0.000000187 0.999999702
598 1 2 3 3 4 0.490223438 0.450438261 0.059338290
599 1 2 3 3 5 0.744772136 0.242131487 0.013096390
600 1 2 3 4 0 0.368051529 0.631946802 0.000001663
601 1 2 3 4 1 0.000004769 0.999993384 0.000001823
602 1 2 3 4 2 0.311151922 0.679216385 0.009631709
603 1 2 3 4 3 0.435288519 0.531097829 0.033613648
604 1 2 3 4 4 0.000000168 0.000000249 0.999999583
605 1 2 3 4 5 0.000003857 0.999993443 0.000002725
606 1 2 3 5 0 0.000000591 0.999830186 0.000169229
607 1 2 3 5 1 0.000000591 0.999388754 0.000610637
608 1 2 3 5 2 0.000000591 0.000000591 0.999998808
609 1 2 3 5 3 0.000000591 0.000000591 0.999998808
610 1 2 3 5 4 0.000001870 0.999980748 0.000017401
611 1 2 3 5 5 0.000000591 0.000000591 0.999998808
612 1 2 4 0 0 0.030375188 0.969624817 0.000000000
613 1 2 4 0 1 0.969624817 0.030375188 0.000000000
614 1 2 4 0 2 0.967327774 0.032672226 0.000000000
615 1 2 4 0 3 0.967503309 0.032496665 0.000000000
616 1 2 4 0 4 0.969624817 0.030375188 0.000000000
617 1 2 4 0 5 0.968105614 0.031894360 0.000000000
618 1 2 4 1 0 0.931315660 0.068684347 0.000000000
619 1 2 4 1 1 0.041653298 0.958346725 0.000000000
620 1 2 4 1 2 0.786213338 0.213786662 0.000000000
621 1 2 4 1 3 0.718708873 0.281291127 0.000000000
622 1 2 4 1 4 0.978657365 0.021342626 0.000000000
623 1 2 4 1 5 0.901363313 0.098636694 0.000000000
624 1 2 4 2 0 0.876574695 0.123425335 0.000000000
625 1 2 4 2 1 0.626629591 0.373370379 0.000000000
626 1 2 4 2 2 0.004448275 0.995551705 0.000000000
627 1 2 4 2 3 0.513999224 0.486000806 0.000000000
628 1 2 4 2 4 0.999932170 0.000067805 0.000000000
629 1 2 4 2 5 0.612209976 0.387790024 0.000000000
630 1 2 4 3 0 0.184665993 0.815334022 0.000000000
631 1 2 4 3 1 0.309334815 0.690665185 0.000000000
632 1 2 4 3 2 0.495058477 0.504941523 0.000000000
633 1 2 4 3 3 0.000654709 0.999345303 0.000000000
634 1 2 4 3 4 0.999900103 0.000099902 0.000000000
635 1 2 4 3 5 0.226607695 0.773392320 0.000000000
636 1 2 4 4 0 0.065722466 0.934277534 0.000000000
637 1 2 4 4 1 0.059200451 0.940799534 0.000000000
638 1 2 4 4 2 0.588658035 0.411341995 0.000000000
639 1 2 4 4 3 0.393814892 0.606185138 0.000000000
640 1 2 4 4 4 0.000000265 0.999999762 0.000000000
641 1 2 4 4 5 0.011717255 0.988282740 0.000000000
642 1 2 4 5 0 0.037445638 0.962554336 0.000000000
643 1 2 4 5 1 0.045934550 0.954065442 0.000000000
644 1 2 4 5 2 0.002491322 0.997508705 0.000000000
645 1 2 4 5 3 0.004532147 0.995467842 0.000000000
646 1 2 4 5 4 0.780328631 0.219671339 0.000000000
647 1 2 4 5 5 0.010607698 0.989392281 0.000000000
648 1 2 5 0 0 0.000000453 0.999999523 0.000000000
649 1 2 5 0 1 0.999999523 0.000000454 0.000000000
650 1 2 5 0 2 0.999999166 0.000000850 0.000000000
651 1 2 5 0 3 0.999999106 0.000000899 0.000000000
652 1 2 5 0 4 0.999997675 0.000002306 0.000000000
653 1 2 5 0 5 0.999999046 0.000000937 0.000000000
654 1 2 5 1 0 0.999999523 0.000000490 0.000000000
655 1 2 5 1 1 0.000000490 0.999999523 0.000000000
656 1 2 5 1 2 0.999997675 0.000002351 0.000000000
657 1 2 5 1 3 0.999997973 0.000002045 0.000000000
658 1 2 5 1 4 0.999997199 0.000002777 0.000000000
659 1 2 5 1 5 0.999988437 0.000011586 0.000000000
660 1 2 5 2 0 0.996782362 0.003217645 0.000000000
661 1 2 5 2 1 0.993946016 0.006053955 0.000000000
662 1 2 5 2 2 0.002565927 0.997434080 0.000000000
663 1 2 5 2 3 0.822056532 0.177943453 0.000000000
664 1 2 5 2 4 0.419236749 0.580763221 0.000000000
665 1 2 5 2 5 0.908522069 0.091477931 0.000000000
666 1 2 5 3 0 0.860504329 0.139495686 0.000000000
667 1 2 5 3 1 0.814542890 0.185457125 0.000000000
668 1 2 5 3 2 0.765577078 0.234422952 0.000000000
669 1 2 5 3 3 0.004226370 0.995773613 0.000000000
670 1 2 5 3 4 0.310417682 0.689582288 0.000000000
671 1 2 5 3 5 0.307102829 0.692897141 0.000000000
672 1 2 5 4 0 0.544340849 0.455659151 0.000000000
673 1 2 5 4 1 0.995833218 0.004166787 0.000000000
674 1 2 5 4 2 0.135271534 0.864728451 0.000000000
675 1 2 5 4 3 0.562787652 0.437212348 0.000000000
676 1 2 5 4 4 0.000000556 0.999999464 0.000000000
677 1 2 5 4 5 0.468500167 0.531499863 0.000000000
678 1 2 5 5 0 0.000000250 0.999999762 0.000000000
679 1 2 5 5 1 0.048516717 0.951483309 0.000000000
680 1 2 5 5 2 0.222047821 0.777952194 0.000000000
681 1 2 5 5 3 0.222163260 0.777836740 0.000000000
682 1 2 5 5 4 0.406313568 0.593686402 0.000000000
683 1 2 5 5 5 0.000000250 0.999999762 0.000000000
684 1 3 0 0 0 0.000000000 0.076453418 0.923546612
685 1 3 0 0 1 0.000000000 0.000079106 0.999920905
686 1 3 0 0 2 0.000000000 0.000156575 0.999843419
687 1 3 0 0 3 0.000000000 0.001230984 0.998769045
688 1 3 0 0 4 0.000000000 0.982246399 0.017753609
689 1 3 0 0 5 0.000000000 0.291045636 0.708954394
690 1 3 0 1 0 0.000000000 0.000368940 0.999631047
691 1 3 0 1 1 0.000000000 0.086381130 0.913618863
692 1 3 0 1 2 0.000000000 0.000421173 0.999578834
693 1 3 0 1 3 0.000000000 0.000985987 0.999014020
694 1 3 0 1 4 0.000000000 0.985286653 0.014713351
695 1 3 0 1 5 0.000000000 0.308399677 0.691600323
696 1 3 0 2 0 0.000000000 0.000554281 0.999445736
697 1 3 0 2 1 0.000000000 0.000408178 0.999591827
698 1 3 0 2 2 0.000000000 0.058914710 0.941085279
699 1 3 0 2 3 0.000000000 0.001046202 0.998953819
700 1 3 0 2 4 0.000000000 0.984210074 0.015789948
701 1 3 0 2 5 0.000000000 0.352828264 0.647171736
702 1 3 0 3 0 0.000000000 0.021029558 0.978970468
703 1 3 0 3 1 0.000000000 0.013093956 0.986906052
704 1 3 0 3 2 0.000000000 0.017394226 0.982605755
705 1 3 0 3 3 0.000000000 0.201224342 0.798775673
706 1 3 0 3 4 0.000000000 0.997455239 0.002544748
707 1 3 0 3 5 0.000000000 0.963221312 0.036778681
708 1 3 0 4 0 0.000000000 0.999630928 0.000369078
709 1 3 0 4 1 0.000000000 0.999504030 0.000495998
710 1 3 0 4 2 0.000000000 0.999737561 0.000262415
711 1 3 0 4 3 0.000000000 0.999897063 0.000102913
712 1 3 0 4 4 0.000000000 0.024466064 0.975533962
713 1 3 0 4 5 0.000000000 0.407169610 0.592830360
714 1 3 0 5 0 0.000000000 0.648670435 0.351329595
715 1 3 0 5 1 0.000000000 0.648610473 0.351389527
716 1 3 0 5 2 0.000000000 0.646973014 0.353026986
717 1 3 0 5 3 0.000000000 0.475136727 0.524863243
718 1 3 0 5 4 0.000000000 0.812048674 0.187951356
719 1 3 0 5 5 0.000000000 0.081308283 0.918691695
720 1 3 1 0 0 0.000000000 0.010832078 0.989167929
721 1 3 1 0 1 0.000000000 0.320230395 0.679769635
722 1 3 1 0 2 0.000000000 0.200458765 0.799541235
723 1 3 1 0 3 0.000000000 0.139164239 0.860835791
724 1 3 1 0 4 0.000000000 0.715832114 0.284167886
725 1 3 1 0 5 0.000000000 0.492480308 0.507519662
726 1 3 1 1 0 0.000000000 0.352019548 0.647980452
727 1 3 1 1 1 0.000000000 0.019270470 0.980729520
728 1 3 1 1 2 0.000000000 0.192052528 0.807947457
729 1 3 1 1 3 0.000000000 0.135944828 0.864055157
730 1 3 1 1 4 0.000000000 0.795972943 0.204027086
731 1 3 1 1 5 0.000000000 0.238279536 0.761720479
732 1 3 1 2 0 0.000000000 0.529785991 0.470214009
733 1 3 1 2 1 0.000000000 0.658502758 0.341497242
734 1 3 1 2 2 0.000000000 0.003909809 0.996090174
735 1 3 1 2 3 0.000000000 0.059289191 0.940710783
736 1 3 1 2 4 0.000000000 0.937765718 0.062234290
737 1 3 1 2 5 0.000000000 0.269936591 0.730063379
738 1 3 1 3 0 0.000000000 0.424874365 0.575125635
739 1 3 1 3 1 0.000000000 0.483223379 0.516776621
740 1 3 1 3 2 0.000000000 0.469504565 0.530495465
741 1 3 1 3 3 0.000000000 0.000036692 0.999963284
742 1 3 1 3 4 0.000000000 0.999811590 0.000188390
743 1 3 1 3 5 0.000000000 0.014044707 0.985955298
744 1 3 1 4 0 0.000000000 0.999849379 0.000150642
745 1 3 1 4 1 0.000000000 0.999907494 0.000092489
746 1 3 1 4 2 0.000000000 0.999940336 0.000059675
747 1 3 1 4 3 0.000000000 0.999961019 0.000038982
748 1 3 1 4 4 0.000000000 0.000017014 0.999983013
749 1 3 1 4 5 0.000000000 0.599275053 0.400724947
750 1 3 1 5 0 0.000000000 0.496208996 0.503791034
751 1 3 1 5 1 0.000000000 0.535924673 0.464075297
752 1 3 1 5 2 0.000000000 0.523784459 0.476215571
753 1 3 1 5 3 0.000000000 0.328461349 0.671538651
754 1 3 1 5 4 0.000000000 0.487685412 0.512314558
755 1 3 1 5 5 0.000000000 0.000010438 0.999989569
756 1 3 2 0 0 0.006313432 0.014457713 0.979228854
757 1 3 2 0 1 0.979088247 0.006313432 0.014598342
758 1 3 2 0 2 0.966808558 0.006313432 0.026878033
759 1 3 2 0 3 0.970738113 0.006313432 0.022948444
760 1 3 2 0 4 0.960612833 0.006313432 0.033073720
761 1 3 2 0 5 0.947898209 0.006313432 0.045788374
762 1 3 2 1 0 0.934190035 0.009458549 0.056351442
763 1 3 2 1 1 0.009458549 0.026277877 0.964263558
764 1 3 2 1 2 0.942182779 0.009458549 0.048358675
765 1 3 2 1 3 0.945540667 0.009668286 0.044791054
766 1 3 2 1 4 0.764681518 0.013306681 0.222011819
767 1 3 2 1 5 0.943004072 0.012867029 0.044128884
768 1 3 2 2 0 0.964799762 0.009286289 0.025913935
769 1 3 2 2 1 0.978096128 0.009170583 0.012733277
770 1 3 2 2 2 0.001460589 0.006433738 0.992105663
771 1 3 2 2 3 0.878490686 0.103025042 0.018484268
772 1 3 2 2 4 0.833738148 0.034230813 0.132031024
773 1 3 2 2 5 0.919398963 0.066802397 0.013798625
774 1 3 2 3 0 0.993298888 0.006428610 0.000272476
775 1 3 2 3 1 0.988221824 0.011625298 0.000152885
776 1 3 2 3 2 0.987915456 0.011885692 0.000198878
777 1 3 2 3 3 0.000012432 0.000069963 0.999917626
778 1 3 2 3 4 0.459708214 0.001128784 0.539162993
779 1 3 2 3 5 0.899927855 0.001738534 0.098333590
780 1 3 2 4 0 0.928465903 0.071492031 0.000042050
781 1 3 2 4 1 0.932511866 0.067441538 0.000046587
782 1 3 2 4 2 0.930096328 0.069866195 0.000037482
783 1 3 2 4 3 0.932424426 0.067540132 0.000035453
784 1 3 2 4 4 0.000001649 0.000025163 0.999973178
785 1 3 2 4 5 0.433679283 0.566158772 0.000161939
786 1 3 2 5 0 0.000001024 0.939631701 0.060367279
787 1 3 2 5 1 0.000001024 0.937214732 0.062784217
788 1 3 2 5 2 0.000001024 0.955067813 0.044931170
789 1 3 2 5 3 0.000001024 0.704678535 0.295320451
790 1 3 2 5 4 0.352106810 0.590662837 0.057230327
791 1 3 2 5 5 0.000001024 0.000018640 0.999980330
792 1 3 3 0 0 0.000039443 0.000039443 0.999921143
793 1 3 3 0 1 0.145039037 0.043996129 0.810964823
794 1 3 3 0 2 0.566378832 0.023900142 0.409721017
795 1 3 3 0 3 0.944809377 0.003076056 0.052114539
796 1 3 3 0 4 0.999930143 0.000004536 0.000065312
797 1 3 3 0 5 0.870893359 0.000016673 0.129089981
798 1 3 3 1 0 0.152141660 0.013270423 0.834587932
799 1 3 3 1 1 0.000034953 0.000034953 0.999930084
800 1 3 3 1 2 0.255912453 0.011602591 0.732484937
801 1 3 3 1 3 0.682098866 0.005013912 0.312887192
802 1 3 3 1 4 0.999680340 0.000006545 0.000313109
803 1 3 3 1 5 0.872994184 0.000024190 0.126981631
804 1 3 3 2 0 0.316744804 0.011269093 0.671986103
805 1 3 3 2 1 0.075552136 0.011932433 0.912515402
806 1 3 3 2 2 0.000051767 0.000051767 0.999896467
807 1 3 3 2 3 0.651264966 0.007096686 0.341638356
808 1 3 3 2 4 0.999628067 0.000008755 0.000363157
809 1 3 3 2 5 0.868714631 0.000030813 0.131254584
810 1 3 3 3 0 0.826514006 0.059121378 0.114364617
811 1 3 3 3 1 0.739284873 0.077113606 0.183601543
812 1 3 3 3 2 0.841942787 0.019845547 0.138211668
813 1 3 3 3 3 0.000115792 0.000115792 0.999768436
814 1 3 3 3 4 0.995300651 0.003603497 0.001095834
815 1 3 3 3 5 0.993661463 0.005068458 0.001270090
816 1 3 3 4 0 0.998591483 0.001300994 0.000107522
817 1 3 3 4 1 0.997926414 0.002008865 0.000064740
818 1 3 3 4 2 0.998113632 0.001826492 0.000059901
819 1 3 3 4 3 0.999128401 0.000817513 0.000054109
820 1 3 3 4 4 0.000023819 0.000023819 0.999952376
821 1 3 3 4 5 0.985975802 0.013606701 0.000417499
822 1 3 3 5 0 0.000000235 0.000000246 0.999999523
823 1 3 3 5 1 0.000000235 0.020166691 0.979833066
824 1 3 3 5 2 0.000000235 0.515065610 0.484934151
825 1 3 3 5 3 0.000000320 0.998335004 0.001664689
826 1 3 3 5 4 0.010665997 0.989240706 0.000093313
827 1 3 3 5 5 0.000001871 0.000001871 0.999996245
828 1 3 4 0 0 0.000004898 0.999995112 0.000000000
829 1 3 4 0 1 0.999995470 0.000004524 0.000000000
830 1 3 4 0 2 0.999995470 0.000004524 0.000000000
831 1 3 4 0 3 0.999995470 0.000004529 0.000000000
832 1 3 4 0 4 0.999745190 0.000254784 0.000000000
833 1 3 4 0 5 0.999993622 0.000006380 0.000000000
834 1 3 4 1 0 0.999995470 0.000004531 0.000000000
835 1 3 4 1 1 0.000004957 0.999995053 0.000000000
836 1 3 4 1 2 0.999980330 0.000019648 0.000000000
837 1 3 4 1 3 0.999980330 0.000019659 0.000000000
838 1 3 4 1 4 0.998665154 0.001334833 0.000000000
839 1 3 4 1 5 0.999971628 0.000028398 0.000000000
840 1 3 4 2 0 0.999973238 0.000026762 0.000000000
841 1 3 4 2 1 0.999980211 0.000019791 0.000000000
842 1 3 4 2 2 0.000004861 0.999995112 0.000000000
843 1 3 4 2 3 0.999947667 0.000052331 0.000000000
844 1 3 4 2 4 0.996760070 0.003239951 0.000000000
845 1 3 4 2 5 0.999917150 0.000082844 0.000000000
846 1 3 4 3 0 0.997901082 0.002098915 0.000000000
847 1 3 4 3 1 0.998198032 0.001801974 0.000000000
848 1 3 4 3 2 0.999322057 0.000677940 0.000000000
849 1 3 4 3 3 0.000043755 0.999956250 0.000000000
850 1 3 4 3 4 0.248573557 0.751426458 0.000000000
851 1 3 4 3 5 0.944071114 0.055928890 0.000000000
852 1 3 4 4 0 0.739707351 0.260292679 0.000000000
853 1 3 4 4 1 0.751503706 0.248496324 0.000000000
854 1 3 4 4 2 0.696760416 0.303239584 0.000000000
855 1 3 4 4 3 0.303645670 0.696354330 0.000000000
856 1 3 4 4 4 0.000000896 0.999999106 0.000000000
857 1 3 4 4 5 0.999019444 0.000980577 0.000000000
858 1 3 4 5 0 0.000000649 0.999999344 0.000000000
859 1 3 4 5 1 0.000000649 0.999999344 0.000000000
860 1 3 4 5 2 0.000000646 0.999999344 0.000000000
861 1 3 4 5 3 0.000000435 0.999999583 0.000000000
862 1 3 4 5 4 0.604126215 0.395873815 0.000000000
863 1 3 4 5 5 0.000000248 0.999999762 0.000000000
864 1 3 5 0 0 0.004786926 0.995213091 0.000000000
865 1 3 5 0 1 0.993034303 0.006965704 0.000000000
866 1 3 5 0 2 0.994077742 0.005922238 0.000000000
867 1 3 5 0 3 0.994499445 0.005500555 0.000000000
868 1 3 5 0 4 0.983337045 0.016662946 0.000000000
869 1 3 5 0 5 0.990670145 0.009329833 0.000000000
870 1 3 5 1 0 0.989052296 0.010947726 0.000000000
871 1 3 5 1 1 0.007233301 0.992766678 0.000000000
872 1 3 5 1 2 0.991219819 0.008780165 0.000000000
873 1 3 5 1 3 0.991789997 0.008210022 0.000000000
874 1 3 5 1 4 0.965230525 0.034769461 0.000000000
875 1 3 5 1 5 0.990687013 0.009313012 0.000000000
876 1 3 5 2 0 0.945089102 0.054910917 0.000000000
877 1 3 5 2 1 0.996792257 0.003207762 0.000000000
878 1 3 5 2 2 0.001099742 0.998900235 0.000000000
879 1 3 5 2 3 0.829420269 0.170579746 0.000000000
880 1 3 5 2 4 0.358743250 0.641256750 0.000000000
881 1 3 5 2 5 0.637145877 0.362854093 0.000000000
882 1 3 5 3 0 0.997114003 0.002885968 0.000000000
883 1 3 5 3 1 0.998054743 0.001945281 0.000000000
884 1 3 5 3 2 0.997799158 0.002200838 0.000000000
885 1 3 5 3 3 0.000009324 0.999990702 0.000000000
886 1 3 5 3 4 0.328545392 0.671454608 0.000000000
887 1 3 5 3 5 0.950938284 0.049061738 0.000000000
888 1 3 5 4 0 0.203678876 0.796321154 0.000000000
889 1 3 5 4 1 0.251525998 0.748474002 0.000000000
890 1 3 5 4 2 0.230590835 0.769409180 0.000000000
891 1 3 5 4 3 0.161018997 0.838981032 0.000000000
892 1 3 5 4 4 0.000001236 0.999998748 0.000000000
893 1 3 5 4 5 0.866846979 0.133153021 0.000000000
894 1 3 5 5 0 0.000001524 0.999998450 0.000000000
895 1 3 5 5 1 0.000001655 0.999998331 0.000000000
896 1 3 5 5 2 0.000001613 0.999998391 0.000000000
897 1 3 5 5 3 0.049123269 0.950876713 0.000000000
898 1 3 5 5 4 0.492647678 0.507352293 0.000000000
899 1 3 5 5 5 0.000000768 0.999999225 0.000000000
900 1 4 0 0 0 0.000000000 0.242044210 0.757955790
901 1 4 0 0 1 0.000000000 0.402155340 0.597844660
902 1 4 0 0 2 0.000000000 0.461121738 0.538878262
903 1 4 0 0 3 0.000000000 0.432924896 0.567075133
904 1 4 0 0 4 0.000000000 0.422886759 0.577113271
905 1 4 0 0 5 0.000000000 0.664325893 0.335674137
906 1 4 0 1 0 0.000000000 0.412765145 0.587234855
907 1 4 0 1 1 0.000000000 0.172467440 0.827532589
908 1 4 0 1 2 0.000000000 0.367448449 0.632551551
909 1 4 0 1 3 0.000000000 0.355145276 0.644854724
910 1 4 0 1 4 0.000000000 0.351296633 0.648703337
911 1 4 0 1 5 0.000000000 0.432689995 0.567309976
912 1 4 0 2 0 0.000000000 0.999377728 0.000622260
913 1 4 0 2 1 0.000000000 0.999368548 0.000631428
914 1 4 0 2 2 0.000000000 0.841005147 0.158994839
915 1 4 0 2 3 0.000000000 0.947886229 0.052113757
916 1 4 0 2 4 0.000000000 0.939365149 0.060634878
917 1 4 0 2 5 0.000000000 0.005677701 0.994322300
918 1 4 0 3 0 0.000000000 0.999095082 0.000904940
919 1 4 0 3 1 0.000000000 0.999235511 0.000764483
920 1 4 0 3 2 0.000000000 0.948601186 0.051398836
921 1 4 0 3 3 0.000000000 0.786933064 0.213066921
922 1 4 0 3 4 0.000000000 0.930218339 0.069781661
923 1 4 0 3 5 0.000000000 0.010914107 0.989085913
924 1 4 0 4 0 0.000000000 0.999919832 0.000080164
925 1 4 0 4 1 0.000000000 0.999930501 0.000069496
926 1 4 0 4 2 0.000000000 0.999951005 0.000048975
927 1 4 0 4 3 0.000000000 0.999947071 0.000052956
928 1 4 0 4 4 0.000000000 0.000377374 0.999622643
929 1 4 0 4 5 0.000000000 0.765502393 0.234497622
930 1 4 0 5 0 0.000000000 0.998718858 0.001281142
931 1 4 0 5 1 0.000000000 0.998800397 0.001199592
932 1 4 0 5 2 0.000000000 0.996398211 0.003601764
933 1 4 0 5 3 0.000000000 0.995643079 0.004356895
934 1 4 0 5 4 0.000000000 0.559125185 0.440874815
935 1 4 0 5 5 0.000000000 0.198023215 0.801976800
936 1 4 1 0 0 0.000000000 0.000002366 0.999997616
937 1 4 1 0 1 0.000000000 0.000002366 0.999997616
938 1 4 1 0 2 0.000000000 0.001547111 0.998452902
939 1 4 1 0 3 0.000000000 0.001488003 0.998511970
940 1 4 1 0 4 0.000000000 0.999335766 0.000664256
941 1 4 1 0 5 0.000000000 0.367695361 0.632304668
942 1 4 1 1 0 0.000000000 0.000007089 0.999992907
943 1 4 1 1 1 0.000000000 0.000002416 0.999997556
944 1 4 1 1 2 0.000000000 0.000557618 0.999442399
945 1 4 1 1 3 0.000000000 0.000674039 0.999325991
946 1 4 1 1 4 0.000000000 0.999266088 0.000733921
947 1 4 1 1 5 0.000000000 0.347538382 0.652461648
948 1 4 1 2 0 0.000000000 0.270595849 0.729404151
949 1 4 1 2 1 0.000000000 0.269906193 0.730093837
950 1 4 1 2 2 0.000000000 0.009380280 0.990619719
951 1 4 1 2 3 0.000000000 0.687876046 0.312123954
952 1 4 1 2 4 0.000000000 0.830533266 0.169466764
953 1 4 1 2 5 0.000000000 0.782428026 0.217571959
954 1 4 1 3 0 0.000000000 0.327425867 0.672574162
955 1 4 1 3 1 0.000000000 0.309078068 0.690921962
956 1 4 1 3 2 0.000000000 0.637862921 0.362137079
957 1 4 1 3 3 0.000000000 0.009603661 0.990396321
958 1 4 1 3 4 0.000000000 0.583235681 0.416764319
959 1 4 1 3 5 0.000000000 0.868378997 0.131621003
960 1 4 1 4 0 0.000000000 0.999622703 0.000377306
961 1 4 1 4 1 0.000000000 0.999772251 0.000227722
962 1 4 1 4 2 0.000000000 0.999836266 0.000163762
963 1 4 1 4 3 0.000000000 0.999862134 0.000137895
964 1 4 1 4 4 0.000000000 0.000007816 0.999992192
965 1 4 1 4 5 0.000000000 0.920082152 0.079917863
966 1 4 1 5 0 0.000000000 0.000005601 0.999994397
967 1 4 1 5 1 0.000000000 0.000005637 0.999994338
968 1 4 1 5 2 0.000000000 0.253431082 0.746568918
969 1 4 1 5 3 0.000000000 0.253707588 0.746292412
970 1 4 1 5 4 0.000000000 0.510420799 0.489579201
971 1 4 1 5 5 0.000000000 0.000005512 0.999994516
972 1 4 2 0 0 0.000001577 0.000265407 0.999733031
973 1 4 2 0 1 0.999994278 0.000001577 0.000004153
974 1 4 2 0 2 0.997735679 0.000001577 0.002262756
975 1 4 2 0 3 0.999180675 0.000001577 0.000817742
976 1 4 2 0 4 0.993076503 0.000001577 0.006921933
977 1 4 2 0 5 0.951814473 0.000001577 0.048183959
978 1 4 2 1 0 0.978682935 0.000001556 0.021315509
979 1 4 2 1 1 0.000001556 0.000162759 0.999835670
980 1 4 2 1 2 0.994732499 0.000017892 0.005249634
981 1 4 2 1 3 0.998143256 0.000020158 0.001836609
982 1 4 2 1 4 0.983973920 0.000024206 0.016001886
983 1 4 2 1 5 0.894749641 0.000012555 0.105237775
984 1 4 2 2 0 0.707089305 0.283042431 0.009868241
985 1 4 2 2 1 0.810506642 0.173605949 0.015887389
986 1 4 2 2 2 0.003612124 0.156291187 0.840096712
987 1 4 2 2 3 0.600813925 0.305954576 0.093231514
988 1 4 2 2 4 0.368550599 0.542341173 0.089108236
989 1 4 2 2 5 0.582087874 0.338464439 0.079447694
990 1 4 2 3 0 0.394511759 0.482584953 0.122903302
991 1 4 2 3 1 0.379669398 0.520325422 0.100005157
992 1 4 2 3 2 0.346074045 0.549814641 0.104111277
993 1 4 2 3 3 0.003587387 0.234612286 0.761800349
994 1 4 2 3 4 0.150653198 0.440041989 0.409304827
995 1 4 2 3 5 0.225808263 0.416176707 0.358015060
996 1 4 2 4 0 0.723200977 0.272814631 0.003984410
997 1 4 2 4 1 0.736738861 0.263041884 0.000219276
998 1 4 2 4 2 0.556594312 0.443099588 0.000306093
999 1 4 2 4 3 0.555287659 0.444399983 0.000312356
1000 1 4 2 4 4 0.000000370 0.002323013 0.997676611
1001 1 4 2 4 5 0.689295352 0.309251964 0.001452714
1002 1 4 2 5 0 0.000000201 0.340992242 0.659007549
1003 1 4 2 5 1 0.000000239 0.338460326 0.661539435
1004 1 4 2 5 2 0.009566154 0.498050481 0.492383361
1005 1 4 2 5 3 0.010581531 0.508624494 0.480793953
1006 1 4 2 5 4 0.350561768 0.460582852 0.188855380
1007 1 4 2 5 5 0.000000167 0.263208628 0.736791193
1008 1 4 3 0 0 0.024805913 0.024805913 0.950388193
1009 1 4 3 0 1 0.639181733 0.210322395 0.150495842
1010 1 4 3 0 2 0.686058342 0.185339436 0.128602237
1011 1 4 3 0 3 0.668964267 0.194057524 0.136978239
1012 1 4 3 0 4 0.667230070 0.192540228 0.140229717
1013 1 4 3 0 5 0.712384582 0.186165109 0.101450324
1014 1 4 3 1 0 0.517101228 0.154213861 0.328684926
1015 1 4 3 1 1 0.043014426 0.043014426 0.913971126
1016 1 4 3 1 2 0.504144788 0.128056511 0.367798686
1017 1 4 3 1 3 0.489291102 0.130168691 0.380540192
1018 1 4 3 1 4 0.486284256 0.129006520 0.384709209
1019 1 4 3 1 5 0.523996651 0.143177405 0.332825929
1020 1 4 3 2 0 0.999897718 0.000045346 0.000056930
1021 1 4 3 2 1 0.999906301 0.000037866 0.000055835
1022 1 4 3 2 2 0.000003804 0.000003804 0.999992371
1023 1 4 3 2 3 0.959616303 0.040300012 0.000083683
1024 1 4 3 2 4 0.999622107 0.000292177 0.000085731
1025 1 4 3 2 5 0.872028947 0.081282966 0.046688076
1026 1 4 3 3 0 0.999852896 0.000077107 0.000070020
1027 1 4 3 3 1 0.999858260 0.000076798 0.000064953
1028 1 4 3 3 2 0.953814328 0.046120234 0.000065455
1029 1 4 3 3 3 0.000004749 0.000004749 0.999990523
1030 1 4 3 3 4 0.998195827 0.001596170 0.000208022
1031 1 4 3 3 5 0.761352301 0.188052073 0.050595641
1032 1 4 3 4 0 0.999960363 0.000032941 0.000006693
1033 1 4 3 4 1 0.999861598 0.000131125 0.000007270
1034 1 4 3 4 2 0.934230268 0.065760851 0.000008871
1035 1 4 3 4 3 0.948357582 0.051628601 0.000013838
1036 1 4 3 4 4 0.000690894 0.000690894 0.998618186
1037 1 4 3 4 5 0.347302854 0.652677536 0.000019613
1038 1 4 3 5 0 0.000000155 0.999816000 0.000183856
1039 1 4 3 5 1 0.000000155 0.999749303 0.000250551
1040 1 4 3 5 2 0.000000155 0.121398263 0.878601611
1041 1 4 3 5 3 0.000000155 0.118993737 0.881006122
1042 1 4 3 5 4 0.000000277 0.999827504 0.000172214
1043 1 4 3 5 5 0.000000781 0.000000781 0.999998450
1044 1 4 4 0 0 0.011882211 0.988117814 0.000000000
1045 1 4 4 0 1 0.984935582 0.015064433 0.000000000
1046 1 4 4 0 2 0.983287156 0.016712850 0.000000000
1047 1 4 4 0 3 0.984118164 0.015881831 0.000000000
1048 1 4 4 0 4 0.984394431 0.015605587 0.000000000
1049 1 4 4 0 5 0.973169863 0.026830161 0.000000000
1050 1 4 4 1 0 0.981050372 0.018949628 0.000000000
1051 1 4 4 1 1 0.013447062 0.986552954 0.000000000
1052 1 4 4 1 2 0.121619560 0.878380418 0.000000000
1053 1 4 4 1 3 0.138378143 0.861621857 0.000000000
1054 1 4 4 1 4 0.143490002 0.856509984 0.000000000
1055 1 4 4 1 5 0.020604400 0.979395628 0.000000000
1056 1 4 4 2 0 0.612543106 0.387456864 0.000000000
1057 1 4 4 2 1 0.618576765 0.381423235 0.000000000
1058 1 4 4 2 2 0.000030179 0.999969840 0.000000000
1059 1 4 4 2 3 0.995339334 0.004660689 0.000000000
1060 1 4 4 2 4 0.995993257 0.004006755 0.000000000
1061 1 4 4 2 5 0.999757767 0.000242217 0.000000000
1062 1 4 4 3 0 0.694060683 0.305939287 0.000000000
1063 1 4 4 3 1 0.641190648 0.358809352 0.000000000
1064 1 4 4 3 2 0.994663239 0.005336770 0.000000000
1065 1 4 4 3 3 0.000026310 0.999973714 0.000000000
1066 1 4 4 3 4 0.993316889 0.006683127 0.000000000
1067 1 4 4 3 5 0.999512613 0.000487395 0.000000000
1068 1 4 4 4 0 0.087799981 0.912200034 0.000000000
1069 1 4 4 4 1 0.086192548 0.913807452 0.000000000
1070 1 4 4 4 2 0.035712291 0.964287698 0.000000000
1071 1 4 4 4 3 0.085067213 0.914932787 0.000000000
1072 1 4 4 4 4 0.000000391 0.999999583 0.000000000
1073 1 4 4 4 5 0.999401391 0.000598622 0.000000000
1074 1 4 4 5 0 0.000181140 0.999818861 0.000000000
1075 1 4 4 5 1 0.000193454 0.999806523 0.000000000
1076 1 4 4 5 2 0.000166794 0.999833226 0.000000000
1077 1 4 4 5 3 0.000053264 0.999946713 0.000000000
1078 1 4 4 5 4 0.594811201 0.405188829 0.000000000
1079 1 4 4 5 5 0.000000289 0.999999702 0.000000000
1080 1 4 5 0 0 0.000001183 0.999998808 0.000000000
1081 1 4 5 0 1 0.999998808 0.000001183 0.000000000
1082 1 4 5 0 2 0.999998808 0.000001185 0.000000000
1083 1 4 5 0 3 0.999998808 0.000001185 0.000000000
1084 1 4 5 0 4 0.998219013 0.001780972 0.000000000
1085 1 4 5 0 5 0.999998152 0.000001871 0.000000000
1086 1 4 5 1 0 0.999998808 0.000001167 0.000000000
1087 1 4 5 1 1 0.000001167 0.999998808 0.000000000
1088 1 4 5 1 2 0.999947906 0.000052094 0.000000000
1089 1 4 5 1 3 0.999985874 0.000014137 0.000000000
1090 1 4 5 1 4 0.982535660 0.017464316 0.000000000
1091 1 4 5 1 5 0.999977231 0.000022768 0.000000000
1092 1 4 5 2 0 0.866613507 0.133386493 0.000000000
1093 1 4 5 2 1 0.920005918 0.079994090 0.000000000
1094 1 4 5 2 2 0.002734746 0.997265279 0.000000000
1095 1 4 5 2 3 0.517067313 0.482932687 0.000000000
1096 1 4 5 2 4 0.198137984 0.801862001 0.000000000
1097 1 4 5 2 5 0.159926668 0.840073347 0.000000000
1098 1 4 5 3 0 0.387747616 0.612252355 0.000000000
1099 1 4 5 3 1 0.524680972 0.475319028 0.000000000
1100 1 4 5 3 2 0.243137404 0.756862581 0.000000000
1101 1 4 5 3 3 0.003360931 0.996639073 0.000000000
1102 1 4 5 3 4 0.388488293 0.611511707 0.000000000
1103 1 4 5 3 5 0.073143892 0.926856101 0.000000000
1104 1 4 5 4 0 0.793496192 0.206503823 0.000000000
1105 1 4 5 4 1 0.691601276 0.308398753 0.000000000
1106 1 4 5 4 2 0.716760218 0.283239782 0.000000000
1107 1 4 5 4 3 0.738115668 0.261884302 0.000000000
1108 1 4 5 4 4 0.000001241 0.999998748 0.000000000
1109 1 4 5 4 5 0.991611481 0.008388518 0.000000000
1110 1 4 5 5 0 0.000000792 0.999999225 0.000000000
1111 1 4 5 5 1 0.000000792 0.999999225 0.000000000
1112 1 4 5 5 2 0.000005830 0.999994159 0.000000000
1113 1 4 5 5 3 0.000021268 0.999978721 0.000000000
1114 1 4 5 5 4 0.371806175 0.628193855 0.000000000
1115 1 4 5 5 5 0.000000792 0.999999225 0.000000000
