0 0.000000000 0.725260735 0.274739265
1 0.000000000 0.813816130 0.186183870
2 0.000000000 0.894499063 0.105500914
3 0.000000000 0.947617710 0.052382275
4 0.000000000 0.801225543 0.198774472
5 0.000000000 0.344127059 0.655872941
6 0.000000000 0.472383469 0.527616560
7 0.000000000 0.560490906 0.439509094
8 0.000000000 0.890658259 0.109341763
9 0.000000000 0.994175434 0.005824548
10 0.000000000 0.542680025 0.457319975
11 0.000000000 0.003100079 0.996899903
12 0.988237977 0.008617199 0.003144850
13 0.843308270 0.156426415 0.000265305
14 0.763481975 0.145247996 0.091270052
15 0.503643692 0.367313623 0.129042670
16 0.021651113 0.526130497 0.452218413
17 0.000098748 0.303527266 0.696373999
18 0.998742878 0.000000000 0.001257124
19 0.945887685 0.052180462 0.001931842
20 0.801760316 0.178221375 0.020018332
21 0.562306404 0.393747091 0.043946497
22 0.006616144 0.832336426 0.161047414
23 0.000015407 0.187629670 0.812354922
24 0.882878125 0.117121883 0.000000000
25 0.774963140 0.225036874 0.000000000
26 0.934856236 0.065143757 0.000000000
27 0.223680794 0.776319206 0.000000000
28 0.000152068 0.999847949 0.000000000
29 0.000000000 1.000000000 0.000000000
30 0.647143364 0.352856606 0.000000000
31 0.887701750 0.112298265 0.000000000
32 0.787790537 0.212209478 0.000000000
33 0.043749999 0.956250012 0.000000000
34 0.000065045 0.999934971 0.000000000
35 0.000029714 0.999970257 0.000000000
36 0.000000000 0.244757876 0.755242109
37 0.000000000 0.352033913 0.647966087
38 0.000000000 0.737448215 0.262551755
39 0.000000000 0.671560585 0.328439415
40 0.000000000 0.548423946 0.451576024
41 0.000000000 0.646070838 0.353929132
42 0.000000000 0.442081869 0.557918131
43 0.000000000 0.120598309 0.879401684
44 0.000000000 0.953850925 0.046149082
45 0.000000000 0.894132435 0.105867550
46 0.000000000 1.000000000 0.000000000
47 0.000000000 0.903185010 0.096814983
48 0.000000000 0.979237437 0.020762553
49 0.000000000 0.952192008 0.047808003
50 0.000000000 0.062386170 0.937613845
51 0.000000000 0.997944713 0.002055306
52 0.000000000 0.998935819 0.001064207
53 0.000000000 0.976521850 0.023478130
54 0.000000000 0.978881478 0.021118518
55 0.000000000 0.994299352 0.005700677
56 0.000000000 0.947460651 0.052539371
57 0.000000000 0.186155796 0.813844204
58 0.000000000 0.886363924 0.113636062
59 0.000000000 0.995904565 0.004095407
60 0.000000000 0.727368951 0.272631049
61 0.000000000 0.849243701 0.150756299
62 0.000000000 0.902667880 0.097332135
63 0.000000000 0.999764383 0.000235606
64 0.000000000 0.407082468 0.592917562
65 0.000000000 0.330248803 0.669751167
66 0.000000000 0.095874004 0.904125988
67 0.000000000 0.270018011 0.729982018
68 0.000000000 0.886731207 0.113268808
69 0.000000000 0.838689089 0.161310911
70 0.000000000 0.244829044 0.755170941
71 0.000000000 0.943075716 0.056924291
72 0.000000000 0.012765957 0.987234056
73 0.000000000 0.348254740 0.651745260
74 0.000000000 0.447619408 0.552380562
75 0.000000000 0.461768031 0.538231969
76 0.000000000 0.708790004 0.291209996
77 0.000000000 0.325773150 0.674226880
78 0.000000000 0.505944729 0.494055301
79 0.000000000 0.002917153 0.997082829
80 0.000000000 0.987615943 0.012384072
81 0.000000000 0.831325054 0.168674961
82 0.000000000 0.943057239 0.056942787
83 0.000000000 1.000000000 0.000000000
84 0.000000000 0.994471669 0.005528323
85 0.000000000 0.970386267 0.029613718
86 0.000000000 0.000718391 0.999281585
87 0.000000000 0.972571909 0.027428078
88 0.000000000 0.983920276 0.016079711
89 0.000000000 0.994507492 0.005492494
90 0.000000000 0.988038123 0.011961863
91 0.000000000 0.983756959 0.016243018
92 0.000000000 0.995282650 0.004717363
93 0.000000000 0.003921569 0.996078432
94 0.000000000 0.776839316 0.223160699
95 0.000000000 0.986128628 0.013871360
96 0.000000000 0.461480230 0.538519740
97 0.000000000 0.468940079 0.531059921
98 0.000000000 0.653622925 0.346377075
99 0.000000000 0.989454091 0.010545906
100 0.000000000 0.001209190 0.998790801
101 0.000000000 0.108667463 0.891332507
102 0.000000000 0.125000000 0.875000000
103 0.000000000 0.090909094 0.909090936
104 0.000000000 0.150000006 0.850000024
105 0.000000000 0.937500000 0.062500000
106 0.000000000 0.000000000 1.000000000
107 0.000000000 0.000000000 1.000000000
108 0.000472813 0.004728132 0.994799078
109 0.999090493 0.000000000 0.000909504
110 0.968919516 0.000000000 0.031080477
111 0.997839808 0.000000000 0.002160165
112 0.997204781 0.001397624 0.001397624
113 0.989693582 0.000000000 0.010306427
114 0.996139586 0.000185494 0.003674912
115 0.001166861 0.001604434 0.997228682
116 0.996055007 0.003651552 0.000293427
117 0.872040749 0.082540356 0.045418918
118 0.996188223 0.000563481 0.003248307
119 0.975909770 0.022089411 0.002000800
120 0.990107656 0.001488353 0.008403981
121 0.800313652 0.101217985 0.098468356
122 0.000000000 0.000000000 1.000000000
123 0.931643009 0.064854756 0.003502224
124 0.792474508 0.123260669 0.084264837
125 0.903475702 0.093594991 0.002929330
126 0.615634799 0.348389089 0.035976104
127 0.849198222 0.145093322 0.005708464
128 0.788458228 0.186928988 0.024612755
129 0.000435730 0.000599129 0.998965144
130 0.435794771 0.547144771 0.017060466
131 0.603492558 0.386470258 0.010037195
132 0.239097506 0.736336648 0.024565844
133 0.265437007 0.642266154 0.092296854
134 0.331900716 0.644152939 0.023946384
135 0.524281561 0.411286265 0.064432137
136 0.000000000 0.001813785 0.998186231
137 0.000000000 0.903108954 0.096891046
138 0.234439433 0.130562201 0.634998381
139 0.060606062 0.469696969 0.469696969
140 0.100000001 0.100000001 0.800000012
141 0.000000000 0.500000000 0.500000000
142 0.000000000 0.500000000 0.500000000
143 0.000000000 0.000000000 1.000000000
144 0.001177856 0.001177856 0.997644305
145 0.993613064 0.000000000 0.006386945
146 0.997669876 0.000833333 0.001496795
147 0.998193324 0.000903342 0.000903342
148 0.995773435 0.002113271 0.002113271
149 1.000000000 0.000000000 0.000000000
150 0.994330347 0.000000000 0.005669673
151 0.000000000 0.000000000 1.000000000
152 0.824147463 0.175852537 0.000000000
153 0.941163957 0.056925412 0.001910641
154 0.978411138 0.019367877 0.002221004
155 0.873552561 0.123332515 0.003114927
156 0.939430356 0.059206512 0.001363137
157 0.981129766 0.018791003 0.000079205
158 0.000000000 0.000000000 1.000000000
159 0.908618927 0.089773849 0.001607231
160 0.870353401 0.115502037 0.014144553
161 0.997366965 0.002633014 0.000000000
162 0.806054711 0.148971990 0.044973280
163 0.913164020 0.077099070 0.009736937
164 0.884942532 0.113443531 0.001613912
165 0.000000000 0.000456204 0.999543786
166 0.340232402 0.655157864 0.004609757
167 0.500442386 0.430501968 0.069055639
168 0.065330416 0.850636184 0.084033385
169 0.054846354 0.927959621 0.017193999
170 0.568421006 0.431578964 0.000000000
171 0.484432042 0.509587109 0.005980874
172 0.000000000 0.000000000 1.000000000
173 0.000000000 0.000000000 1.000000000
174 0.000000000 0.141343236 0.858656764
175 0.030991951 0.944727898 0.024280168
176 0.000339443 0.992215157 0.007445411
177 0.082724214 0.917275786 0.000000000
178 0.001253133 0.972587705 0.026159149
179 0.000657462 0.001150559 0.998191953
180 0.001189061 0.998810947 0.000000000
181 1.000000000 0.000000000 0.000000000
182 0.997444630 0.002555366 0.000000000
183 1.000000000 0.000000000 0.000000000
184 0.998495460 0.001504514 0.000000000
185 0.999377310 0.000622665 0.000000000
186 0.998938441 0.001061571 0.000000000
187 0.000000000 1.000000000 0.000000000
188 0.872180462 0.127819553 0.000000000
189 0.980544746 0.019455252 0.000000000
190 0.500000000 0.500000000 0.000000000
191 0.982832611 0.017167382 0.000000000
192 0.207828328 0.792171657 0.000000000
193 0.954787254 0.045212764 0.000000000
194 0.001169135 0.998830855 0.000000000
195 0.500000000 0.500000000 0.000000000
196 0.500000000 0.500000000 0.000000000
197 0.940298498 0.059701491 0.000000000
198 0.008064516 0.991935492 0.000000000
199 0.781250000 0.218750000 0.000000000
200 0.992537320 0.007462686 0.000000000
201 0.000421585 0.999578416 0.000000000
202 0.495535702 0.504464269 0.000000000
203 0.315757573 0.684242427 0.000000000
204 0.501520693 0.498479307 0.000000000
205 0.789368272 0.210631728 0.000000000
206 0.919831216 0.080168776 0.000000000
207 0.500000000 0.500000000 0.000000000
208 0.000000000 1.000000000 0.000000000
209 0.000000000 1.000000000 0.000000000
210 0.112745769 0.887254238 0.000000000
211 0.208702847 0.791297138 0.000000000
212 0.212598428 0.787401557 0.000000000
213 0.425595224 0.574404776 0.000000000
214 0.441163391 0.558836579 0.000000000
215 0.016129032 0.983870983 0.000000000
216 0.009325681 0.990674317 0.000000000
217 0.998422742 0.001577287 0.000000000
218 0.998145878 0.001854141 0.000000000
219 1.000000000 0.000000000 0.000000000
220 0.997607648 0.002392344 0.000000000
221 0.999463499 0.000536481 0.000000000
222 0.999433756 0.000566251 0.000000000
223 0.000586166 0.999413848 0.000000000
224 0.977272749 0.022727273 0.000000000
225 0.991496623 0.008503402 0.000000000
226 1.000000000 0.000000000 0.000000000
227 0.500000000 0.500000000 0.000000000
228 1.000000000 0.000000000 0.000000000
229 0.988095224 0.011904762 0.000000000
230 0.000000000 1.000000000 0.000000000
231 0.933333337 0.066666670 0.000000000
232 0.641025662 0.358974367 0.000000000
233 0.000000000 1.000000000 0.000000000
234 0.152941182 0.847058833 0.000000000
235 0.037500001 0.962499976 0.000000000
236 0.166666672 0.833333313 0.000000000
237 0.001314060 0.998685956 0.000000000
238 0.055283949 0.944716036 0.000000000
239 0.027027028 0.972972989 0.000000000
240 0.442286044 0.557713926 0.000000000
241 0.549377799 0.450622171 0.000000000
242 0.884131193 0.115868807 0.000000000
243 0.029411765 0.970588207 0.000000000
244 0.001212121 0.998787880 0.000000000
245 0.237025380 0.762974620 0.000000000
246 0.090909094 0.909090936 0.000000000
247 0.050000001 0.949999988 0.000000000
248 0.150000006 0.850000024 0.000000000
249 0.500000000 0.500000000 0.000000000
250 0.000000000 1.000000000 0.000000000
251 0.000000000 1.000000000 0.000000000
252 0.000000000 0.332030267 0.667969763
253 0.000000000 0.308650345 0.691349626
254 0.000000000 0.348581970 0.651418030
255 0.000000000 0.816910744 0.183089271
256 0.000000000 0.865038335 0.134961680
257 0.000000000 0.442997396 0.557002604
258 0.000000000 0.058048245 0.941951752
259 0.000000000 0.310617805 0.689382195
260 0.000000000 0.618527591 0.381472379
261 0.000000000 0.857188165 0.142811865
262 0.000000000 0.997200429 0.002799561
263 0.000000000 0.986372113 0.013627915
264 0.000000000 0.026841909 0.973158062
265 0.000000000 0.206993222 0.793006778
266 0.000000000 0.054061979 0.945937991
267 0.000000000 0.862054467 0.137945548
268 0.000000000 1.000000000 0.000000000
269 0.000000000 1.000000000 0.000000000
270 0.000000000 0.126556858 0.873443127
271 0.000000000 0.714116216 0.285883784
272 0.000000000 0.792909205 0.207090825
273 0.000000000 0.567050695 0.432949305
274 0.000000000 0.985252321 0.014747652
275 0.000000000 0.961538434 0.038461540
276 0.000000000 0.822099030 0.177900985
277 0.000000000 0.550936699 0.449063301
278 0.000000000 0.823822618 0.176177397
279 0.000000000 0.970793903 0.029206106
280 0.000000000 0.186445326 0.813554704
281 0.000000000 0.468479484 0.531520545
282 0.000000000 0.004913899 0.995086074
283 0.000000000 0.049847901 0.950152099
284 0.000000000 0.024229530 0.975770473
285 0.000000000 0.733419061 0.266580969
286 0.000000000 0.940316081 0.059683926
287 0.000000000 0.129067570 0.870932400
288 0.000000000 0.080357142 0.919642866
289 0.000000000 0.112903222 0.887096763
290 0.000000000 0.263157904 0.736842096
291 0.000000000 0.065217391 0.934782624
292 0.000000000 0.044529576 0.955470443
293 0.000000000 0.000000000 1.000000000
294 0.000000000 0.955532908 0.044467073
295 0.000000000 0.004291845 0.995708168
296 0.000000000 0.174216807 0.825783193
297 0.000000000 0.498945147 0.501054823
298 0.000000000 0.125714615 0.874285400
299 0.000000000 0.197416052 0.802583933
300 0.000000000 0.998938441 0.001061571
301 0.000000000 0.376596570 0.623403430
302 0.000000000 0.000000000 1.000000000
303 0.000000000 0.954023361 0.045976620
304 0.000000000 1.000000000 0.000000000
305 0.000000000 0.990861535 0.009138453
306 0.000000000 0.742119491 0.257880509
307 0.000000000 0.795649469 0.204350546
308 0.000000000 0.886436760 0.113563210
309 0.000000000 0.000000000 1.000000000
310 0.000000000 0.992982447 0.007017544
311 0.000000000 0.996596456 0.003403524
312 0.000000000 0.910571814 0.089428157
313 0.000000000 0.972750843 0.027249135
314 0.000000000 0.996169746 0.003830228
315 0.000000000 0.975084424 0.024915555
316 0.000000000 0.007701422 0.992298603
317 0.000000000 0.342318833 0.657681167
318 0.000000000 0.325849861 0.674150109
319 0.000000000 0.375055939 0.624944031
320 0.000000000 0.001614639 0.998385370
321 0.000000000 0.001920966 0.998079062
322 0.000000000 0.789595366 0.210404605
323 0.000000000 0.002145923 0.997854054
324 0.023809524 0.059523810 0.916666687
325 0.978494644 0.010752688 0.010752688
326 0.807017565 0.035087720 0.157894731
327 0.913043499 0.043478262 0.043478262
328 0.717948735 0.025641026 0.256410271
329 0.746666670 0.026666667 0.226666674
330 0.995926678 0.002036660 0.002036660
331 0.000000000 0.002145923 0.997854054
332 0.995295703 0.001344086 0.003360215
333 0.992967665 0.003516174 0.003516174
334 0.972057998 0.017073708 0.010868317
335 0.988623142 0.009280418 0.002096436
336 0.998584569 0.000707714 0.000707714
337 1.000000000 0.000000000 0.000000000
338 0.000000000 0.000000000 1.000000000
339 1.000000000 0.000000000 0.000000000
340 0.421514571 0.577922761 0.000562656
341 0.737743974 0.261583000 0.000673067
342 0.878559172 0.109298564 0.012142237
343 0.728839159 0.271160871 0.000000000
344 0.750465989 0.244295567 0.005238437
345 0.002393776 0.002393776 0.995212436
346 0.700262785 0.278322458 0.021414801
347 0.485880762 0.512580395 0.001538848
348 0.670102715 0.325885117 0.004012180
349 0.481079906 0.506503224 0.012416874
350 0.257618397 0.739483058 0.002898551
351 0.468425423 0.517695725 0.013878839
352 0.000000000 0.016232228 0.983767748
353 0.252846181 0.638826609 0.108327210
354 0.000000000 0.727442026 0.272558004
355 0.004415011 0.974613667 0.020971302
356 0.001076426 0.622537076 0.376386523
357 0.000000000 0.326010913 0.673989117
358 0.065133616 0.807150781 0.127715588
359 0.001430615 0.001430615 0.997138798
360 0.002267574 0.002267574 0.995464861
361 0.993614316 0.003192848 0.003192848
362 0.996539772 0.000000000 0.003460208
363 0.998136640 0.001863354 0.000000000
364 0.998609185 0.000000000 0.001390821
365 0.957873702 0.000000000 0.042126302
366 0.956989229 0.021505376 0.021505376
367 0.007326007 0.007326007 0.985347986
368 0.994222999 0.000000000 0.005776999
369 0.988212407 0.000000000 0.011787576
370 0.986660123 0.003399232 0.009940621
371 0.994611919 0.005388056 0.000000000
372 0.330000013 0.125000000 0.545000017
373 0.852941155 0.000000000 0.147058830
374 0.000000000 0.000000000 1.000000000
375 0.657894731 0.321804523 0.020300752
376 0.984423697 0.003894081 0.011682243
377 0.723427296 0.263473362 0.013099357
378 0.833333313 0.083333336 0.083333336
379 1.000000000 0.000000000 0.000000000
380 0.912008286 0.007246377 0.080745339
381 0.000000000 0.000000000 1.000000000
382 0.919405282 0.039699040 0.040895708
383 0.987577617 0.006211180 0.006211180
384 0.421071410 0.572586119 0.006342495
385 0.469512194 0.493597567 0.036890242
386 0.225420266 0.774454296 0.000125453
387 0.856447279 0.117656507 0.025896201
388 0.006802721 0.006802721 0.986394584
389 0.008101852 0.782710314 0.209187850
390 0.000000000 0.500000000 0.500000000
391 0.000000000 0.722222209 0.277777791
392 0.006802721 0.006802721 0.986394584
393 0.000000000 1.000000000 0.000000000
394 0.301279873 0.660330772 0.038389370
395 0.005464481 0.007513661 0.987021863
396 0.003436426 0.996563554 0.000000000
397 1.000000000 0.000000000 0.000000000
398 1.000000000 0.000000000 0.000000000
399 1.000000000 0.000000000 0.000000000
400 1.000000000 0.000000000 0.000000000
401 1.000000000 0.000000000 0.000000000
402 1.000000000 0.000000000 0.000000000
403 0.000000000 1.000000000 0.000000000
404 1.000000000 0.000000000 0.000000000
405 1.000000000 0.000000000 0.000000000
406 0.500000000 0.500000000 0.000000000
407 0.050000001 0.949999988 0.000000000
408 0.995253146 0.004746835 0.000000000
409 1.000000000 0.000000000 0.000000000
410 0.000000000 1.000000000 0.000000000
411 1.000000000 0.000000000 0.000000000
412 0.500000000 0.500000000 0.000000000
413 0.500000000 0.500000000 0.000000000
414 0.976989448 0.023010546 0.000000000
415 0.990000010 0.010000000 0.000000000
416 1.000000000 0.000000000 0.000000000
417 0.000000000 1.000000000 0.000000000
418 0.370370358 0.629629612 0.000000000
419 0.562500000 0.437500000 0.000000000
420 0.898148119 0.101851851 0.000000000
421 0.996138990 0.003861004 0.000000000
422 0.768867910 0.231132075 0.000000000
423 0.312500000 0.687500000 0.000000000
424 0.019148936 0.980851054 0.000000000
425 0.656156182 0.343843848 0.000000000
426 0.000000000 1.000000000 0.000000000
427 0.093336895 0.906663120 0.000000000
428 0.000000000 1.000000000 0.000000000
429 0.061690312 0.938309669 0.000000000
430 0.288793117 0.711206913 0.000000000
431 0.000604595 0.999395430 0.000000000
432 0.000000000 1.000000000 0.000000000
433 0.925925910 0.074074075 0.000000000
434 1.000000000 0.000000000 0.000000000
435 0.857142866 0.142857149 0.000000000
436 0.899999976 0.100000001 0.000000000
437 0.860000014 0.140000001 0.000000000
438 0.980000019 0.020000000 0.000000000
439 0.002155172 0.997844815 0.000000000
440 1.000000000 0.000000000 0.000000000
441 0.995780587 0.004219409 0.000000000
442 0.997422695 0.002577320 0.000000000
443 0.996124029 0.003875969 0.000000000
444 0.500000000 0.500000000 0.000000000
445 1.000000000 0.000000000 0.000000000
446 0.000000000 1.000000000 0.000000000
447 0.000000000 1.000000000 0.000000000
448 0.500000000 0.500000000 0.000000000
449 0.000000000 1.000000000 0.000000000
450 0.969594598 0.030405406 0.000000000
451 1.000000000 0.000000000 0.000000000
452 0.759380817 0.240619168 0.000000000
453 0.000000000 1.000000000 0.000000000
454 0.000000000 1.000000000 0.000000000
455 1.000000000 0.000000000 0.000000000
456 0.970779240 0.029220778 0.000000000
457 0.000000000 1.000000000 0.000000000
458 0.285714298 0.714285731 0.000000000
459 0.241164237 0.758835733 0.000000000
460 0.002979738 0.997020245 0.000000000
461 0.000000000 1.000000000 0.000000000
462 0.054645762 0.945354223 0.000000000
463 0.001760563 0.998239458 0.000000000
464 0.001614639 0.998385370 0.000000000
465 0.001098901 0.998901069 0.000000000
466 0.004854369 0.995145619 0.000000000
467 0.048387095 0.951612890 0.000000000
468 0.000000000 0.500000000 0.500000000
469 0.000000000 0.500000000 0.500000000
470 0.000000000 0.500000000 0.500000000
471 0.000000000 0.500000000 0.500000000
472 0.000000000 0.500000000 0.500000000
473 0.000000000 0.500000000 0.500000000
474 0.000000000 1.000000000 0.000000000
475 0.000000000 0.693048120 0.306951880
476 0.000000000 1.000000000 0.000000000
477 0.000000000 1.000000000 0.000000000
478 0.000000000 1.000000000 0.000000000
479 0.000000000 1.000000000 0.000000000
480 0.000000000 0.994037807 0.005962170
481 0.000000000 0.992866397 0.007133593
482 0.000000000 0.838335156 0.161664829
483 0.000000000 0.985796511 0.014203460
484 0.000000000 0.756831467 0.243168533
485 0.000000000 0.992440581 0.007559395
486 0.000000000 0.997179389 0.002820634
487 0.000000000 0.992717564 0.007282444
488 0.000000000 0.954233885 0.045766119
489 0.000000000 0.938356876 0.061643098
490 0.000000000 0.970092237 0.029907735
491 0.000000000 0.999795377 0.000204602
492 0.000000000 0.983077109 0.016922893
493 0.000000000 1.000000000 0.000000000
494 0.000000000 1.000000000 0.000000000
495 0.000000000 0.985832214 0.014167815
496 0.000000000 0.518420994 0.481578976
497 0.000000000 0.986731589 0.013268428
498 0.000000000 0.987287581 0.012712442
499 0.000000000 0.953080773 0.046919212
500 0.000000000 0.959134638 0.040865384
501 0.000000000 0.937614918 0.062385105
502 0.000000000 0.988542020 0.011457973
503 0.000000000 0.980769217 0.019230770
504 0.000000000 0.003201024 0.996798992
505 0.000000000 0.177309498 0.822690487
506 0.000000000 0.643014967 0.356985033
507 0.000000000 0.490843236 0.509156764
508 0.000000000 0.766390085 0.233609885
509 0.000000000 0.583422422 0.416577578
510 0.000000000 0.005151983 0.994848013
511 0.000000000 0.001712329 0.998287678
512 0.000000000 0.551339984 0.448660046
513 0.000000000 0.598434210 0.401565790
514 0.000000000 0.979830325 0.020169672
515 0.000000000 0.750959754 0.249040231
516 0.000000000 0.012422360 0.987577617
517 0.000000000 0.479701817 0.520298183
518 0.000000000 0.002941177 0.997058809
519 0.000000000 0.698103249 0.301896781
520 0.000000000 0.711271882 0.288728148
521 0.000000000 0.975442827 0.024557183
522 0.000000000 0.763157904 0.236842111
523 0.000000000 0.177777782 0.822222233
524 0.000000000 0.078947365 0.921052635
525 0.000000000 1.000000000 0.000000000
526 0.000000000 0.687500000 0.312500000
527 0.000000000 0.772727251 0.227272734
528 0.000000000 0.685028732 0.314971268
529 0.000000000 0.753528357 0.246471658
530 0.000000000 0.950622022 0.049377985
531 0.000000000 0.767221808 0.232778162
532 0.000000000 0.002626812 0.997373164
533 0.000000000 0.001112100 0.998887897
534 0.000000000 0.002330716 0.997669280
535 0.000000000 0.002630403 0.997369587
536 0.000000000 0.018334931 0.981665075
537 0.000000000 0.008902259 0.991097748
538 0.000000000 0.706939220 0.293060809
539 0.000000000 0.010694974 0.989305019
540 0.001707213 0.001707213 0.996585548
541 0.917155087 0.000000000 0.082844898
542 0.727942705 0.000631712 0.271425575
543 0.995820642 0.000208464 0.003970923
544 0.994919896 0.002540055 0.002540055
545 0.999585390 0.000207297 0.000207297
546 0.999484777 0.000257599 0.000257599
547 0.003044140 0.003044140 0.993911743
548 0.791543782 0.003195673 0.205260575
549 0.988942862 0.000462642 0.010594495
550 0.992934644 0.003532677 0.003532677
551 0.994527340 0.002736318 0.002736318
552 0.585625529 0.237355813 0.177018628
553 0.996031761 0.001984127 0.001984127
554 0.000000000 0.001470588 0.998529434
555 0.987500012 0.006250000 0.006250000
556 0.971467257 0.004127967 0.024404796
557 0.987138271 0.003215434 0.009646302
558 0.432190150 0.116448842 0.451361001
559 0.037037037 0.748148143 0.214814812
560 0.035087720 0.035087720 0.929824591
561 0.000000000 0.041666668 0.958333313
562 0.628968239 0.246031746 0.125000000
563 0.439393938 0.075757578 0.484848499
564 0.001171235 0.499414384 0.499414384
565 0.667199135 0.303422570 0.029378293
566 0.652973294 0.302292049 0.044734657
567 0.488937438 0.278490752 0.232571810
568 0.018840579 0.490579724 0.490579724
569 0.004626335 0.497686833 0.497686833
570 0.004361575 0.004606913 0.991031528
571 0.000216661 0.006960243 0.992823124
572 0.000754392 0.743296564 0.255949020
573 0.000436586 0.006705224 0.992858171
574 0.360331506 0.599591434 0.040077083
575 0.007209499 0.009276929 0.983513594
576 0.333333343 0.333333343 0.333333343
577 0.333333343 0.333333343 0.333333343
578 0.333333343 0.333333343 0.333333343
579 0.333333343 0.333333343 0.333333343
580 0.333333343 0.333333343 0.333333343
581 0.333333343 0.333333343 0.333333343
582 1.000000000 0.000000000 0.000000000
583 0.000000000 0.000000000 1.000000000
584 1.000000000 0.000000000 0.000000000
585 1.000000000 0.000000000 0.000000000
586 1.000000000 0.000000000 0.000000000
587 1.000000000 0.000000000 0.000000000
588 0.998639464 0.000680272 0.000680272
589 0.985620916 0.010130719 0.004248366
590 0.003236246 0.008090615 0.988673151
591 0.434523582 0.283513814 0.281962603
592 0.817471623 0.148225501 0.034302898
593 0.831159413 0.163768113 0.005072464
594 0.846534789 0.139319047 0.014146148
595 0.714875579 0.274028927 0.011095510
596 0.713390827 0.260725677 0.025883511
597 0.000000000 0.000000000 1.000000000
598 0.520853996 0.406320632 0.072825335
599 0.903197706 0.079157762 0.017644558
600 0.307289571 0.692710459 0.000000000
601 0.185441330 0.814558685 0.000000000
602 0.141899392 0.846848369 0.011252217
603 0.517650247 0.476682574 0.005667182
604 0.000000000 0.000000000 1.000000000
605 0.003187736 0.984699905 0.012112375
606 0.001666667 0.296666652 0.701666653
607 0.000000000 0.326633155 0.673366845
608 0.000000000 0.587939680 0.412060291
609 0.000000000 0.001298701 0.998701274
610 0.000000000 0.977168977 0.022831051
611 0.004385965 0.004385965 0.991228044
612 0.500000000 0.500000000 0.000000000
613 0.500000000 0.500000000 0.000000000
614 0.500000000 0.500000000 0.000000000
615 0.500000000 0.500000000 0.000000000
616 0.500000000 0.500000000 0.000000000
617 0.500000000 0.500000000 0.000000000
618 0.500000000 0.500000000 0.000000000
619 0.000000000 1.000000000 0.000000000
620 0.500000000 0.500000000 0.000000000
621 0.500000000 0.500000000 0.000000000
622 0.500000000 0.500000000 0.000000000
623 0.500000000 0.500000000 0.000000000
624 1.000000000 0.000000000 0.000000000
625 0.750000000 0.250000000 0.000000000
626 0.012820513 0.987179458 0.000000000
627 0.357142866 0.642857134 0.000000000
628 1.000000000 0.000000000 0.000000000
629 0.500000000 0.500000000 0.000000000
630 1.000000000 0.000000000 0.000000000
631 0.000000000 1.000000000 0.000000000
632 0.800000012 0.200000003 0.000000000
633 0.014705882 0.985294104 0.000000000
634 0.382617354 0.617382646 0.000000000
635 0.500000000 0.500000000 0.000000000
636 0.000000000 1.000000000 0.000000000
637 0.500000000 0.500000000 0.000000000
638 0.500000000 0.500000000 0.000000000
639 0.000000000 1.000000000 0.000000000
640 0.000000000 1.000000000 0.000000000
641 0.000000000 1.000000000 0.000000000
642 0.250000000 0.750000000 0.000000000
643 0.142857149 0.857142866 0.000000000
644 0.333333343 0.666666687 0.000000000
645 0.150000006 0.850000024 0.000000000
646 0.000000000 1.000000000 0.000000000
647 0.500000000 0.500000000 0.000000000
648 0.000000000 1.000000000 0.000000000
649 0.998519599 0.001480385 0.000000000
650 0.998211086 0.001788909 0.000000000
651 0.996924996 0.003075031 0.000000000
652 0.997596145 0.002403846 0.000000000
653 0.997028232 0.002971768 0.000000000
654 0.996891975 0.003108003 0.000000000
655 0.000000000 1.000000000 0.000000000
656 0.995049477 0.004950495 0.000000000
657 0.994680822 0.005319149 0.000000000
658 0.954545438 0.045454547 0.000000000
659 0.992774546 0.007225433 0.000000000
660 0.979495287 0.020504732 0.000000000
661 0.948369563 0.051630434 0.000000000
662 0.000000000 1.000000000 0.000000000
663 0.978947341 0.021052632 0.000000000
664 1.000000000 0.000000000 0.000000000
665 0.863636374 0.136363640 0.000000000
666 1.000000000 0.000000000 0.000000000
667 0.062500000 0.937500000 0.000000000
668 0.750000000 0.250000000 0.000000000
669 0.500000000 0.500000000 0.000000000
670 0.500000000 0.500000000 0.000000000
671 0.500000000 0.500000000 0.000000000
672 0.284467071 0.715532959 0.000000000
673 0.631506860 0.368493140 0.000000000
674 0.052238807 0.947761178 0.000000000
675 0.767084658 0.232915357 0.000000000
676 0.000000000 1.000000000 0.000000000
677 0.001067616 0.998932362 0.000000000
678 0.000984252 0.999015749 0.000000000
679 0.000977517 0.999022484 0.000000000
680 0.230590388 0.769409597 0.000000000
681 0.047086552 0.952913463 0.000000000
682 0.306151599 0.693848372 0.000000000
683 0.002899484 0.997100532 0.000000000
684 0.000000000 0.916279137 0.083720848
685 0.000000000 0.008867584 0.991132438
686 0.000000000 0.010752688 0.989247322
687 0.000000000 0.129565492 0.870434523
688 0.000000000 0.485437810 0.514562190
689 0.000000000 0.000000000 1.000000000
690 0.000000000 0.010545455 0.989454567
691 0.000000000 0.840042353 0.159957632
692 0.000000000 0.038759690 0.961240292
693 0.000000000 0.096726798 0.903273225
694 0.000000000 0.478599936 0.521400094
695 0.000000000 0.396103889 0.603896081
696 0.000000000 0.153846160 0.846153855
697 0.000000000 0.959999979 0.039999999
698 0.000000000 0.142857149 0.857142866
699 0.000000000 0.212798521 0.787201464
700 0.000000000 0.000000000 1.000000000
701 0.000000000 0.400000006 0.600000024
702 0.000000000 0.136779681 0.863220334
703 0.000000000 0.075550064 0.924449921
704 0.000000000 0.153846160 0.846153855
705 0.000000000 0.446539044 0.553460956
706 0.000000000 0.992125988 0.007874016
707 0.000000000 0.056412518 0.943587482
708 0.000000000 0.809033275 0.190966696
709 0.000000000 0.996845424 0.003154574
710 0.000000000 0.991334498 0.008665511
711 0.000000000 0.930808485 0.069191523
712 0.000000000 0.312389046 0.687610984
713 0.000000000 0.805033505 0.194966480
714 0.000000000 0.413163751 0.586836219
715 0.000000000 0.699834764 0.300165266
716 0.000000000 0.282237709 0.717762291
717 0.000000000 0.668953538 0.331046432
718 0.000000000 0.866188943 0.133811072
719 0.000000000 0.109052800 0.890947223
720 0.000000000 0.055555556 0.944444418
721 0.000000000 0.590909064 0.409090906
722 0.000000000 0.000000000 1.000000000
723 0.000000000 0.074851140 0.925148845
724 0.000000000 1.000000000 0.000000000
725 0.000000000 0.392559528 0.607440472
726 0.000000000 0.500000000 0.500000000
727 0.000000000 0.500000000 0.500000000
728 0.000000000 0.500000000 0.500000000
729 0.000000000 0.500000000 0.500000000
730 0.000000000 0.649999976 0.349999994
731 0.000000000 0.500000000 0.500000000
732 0.000000000 0.288537562 0.711462438
733 0.000000000 0.153076544 0.846923470
734 0.000000000 0.003875969 0.996124029
735 0.000000000 0.052310366 0.947689652
736 0.000000000 0.990017354 0.009982639
737 0.000000000 0.313643515 0.686356485
738 0.000000000 0.507630169 0.492369860
739 0.000000000 0.321034521 0.678965509
740 0.000000000 0.246419981 0.753580034
741 0.000000000 0.034624413 0.965375602
742 0.000000000 0.922284663 0.077715322
743 0.000000000 0.889033914 0.110966057
744 0.000000000 0.986171722 0.013828262
745 0.000000000 0.988970637 0.011029365
746 0.000000000 0.989128232 0.010871795
747 0.000000000 0.972544611 0.027455395
748 0.000000000 0.001506024 0.998493969
749 0.000000000 0.897213697 0.102786303
750 0.000000000 0.273438603 0.726561427
751 0.000000000 0.189393207 0.810606778
752 0.000000000 0.012503883 0.987496138
753 0.000000000 0.389877856 0.610122144
754 0.000000000 0.537898898 0.462101072
755 0.000000000 0.008690255 0.991309762
756 0.000000000 0.034722224 0.965277791
757 0.939393938 0.030303031 0.030303031
758 1.000000000 0.000000000 0.000000000
759 0.706665874 0.000000000 0.293334156
760 0.777777791 0.111111112 0.111111112
761 1.000000000 0.000000000 0.000000000
762 1.000000000 0.000000000 0.000000000
763 0.333333343 0.333333343 0.333333343
764 0.333333343 0.333333343 0.333333343
765 0.333333343 0.333333343 0.333333343
766 0.333333343 0.333333343 0.333333343
767 1.000000000 0.000000000 0.000000000
768 0.961791813 0.021645023 0.016563147
769 0.995024860 0.000000000 0.004975124
770 0.002583979 0.002583979 0.994832039
771 0.703435719 0.016124584 0.280439705
772 0.986111104 0.006944444 0.006944444
773 0.952873588 0.001149425 0.045977011
774 0.989008486 0.010991533 0.000000000
775 0.562014222 0.423115283 0.014870510
776 0.650021553 0.348449200 0.001529224
777 0.000000000 0.001341382 0.998658597
778 0.545410335 0.101413332 0.353176355
779 0.732215047 0.257616222 0.010168713
780 0.719610810 0.275048107 0.005341102
781 0.397188365 0.586011231 0.016800374
782 0.873911917 0.115048230 0.011039862
783 0.837668300 0.154853508 0.007478168
784 0.003012048 0.003012048 0.993975878
785 0.347858280 0.648276985 0.003864734
786 0.001077255 0.002132524 0.996790230
787 0.003559269 0.312722445 0.683718264
788 0.000310655 0.593802750 0.405886590
789 0.000314317 0.226575613 0.773110092
790 0.081311584 0.814424157 0.104264282
791 0.000310366 0.000719838 0.998969793
792 0.000000000 0.000000000 1.000000000
793 0.333333343 0.333333343 0.333333343
794 0.000000000 0.000000000 1.000000000
795 1.000000000 0.000000000 0.000000000
796 1.000000000 0.000000000 0.000000000
797 0.333333343 0.333333343 0.333333343
798 0.333333343 0.333333343 0.333333343
799 0.000000000 0.000000000 1.000000000
800 0.000000000 0.000000000 1.000000000
801 1.000000000 0.000000000 0.000000000
802 0.932203412 0.000000000 0.067796610
803 0.956284165 0.021857923 0.021857923
804 0.668032765 0.000000000 0.331967205
805 0.053333335 0.053333335 0.893333316
806 0.333333343 0.333333343 0.333333343
807 1.000000000 0.000000000 0.000000000
808 0.333333343 0.333333343 0.333333343
809 0.000000000 0.000000000 1.000000000
810 0.111111112 0.015873017 0.873015881
811 0.166666672 0.041666668 0.791666687
812 0.894736826 0.052631579 0.052631579
813 0.012345679 0.026487093 0.961167216
814 0.933917880 0.023622047 0.042460054
815 0.916666687 0.041666668 0.041666668
816 0.818199098 0.181103528 0.000697350
817 0.869355202 0.117257528 0.013387257
818 0.842247128 0.052514035 0.105238840
819 0.971923530 0.021360613 0.006715851
820 0.013468013 0.013468013 0.973063946
821 0.471068144 0.422250509 0.106681339
822 0.000401606 0.000401606 0.999196768
823 0.000245640 0.021163272 0.978591084
824 0.000574713 0.774482429 0.224942878
825 0.000000000 0.798197865 0.201802120
826 0.183654621 0.770528674 0.045816686
827 0.000000000 0.012987013 0.987012982
828 0.000000000 1.000000000 0.000000000
829 1.000000000 0.000000000 0.000000000
830 1.000000000 0.000000000 0.000000000
831 1.000000000 0.000000000 0.000000000
832 1.000000000 0.000000000 0.000000000
833 1.000000000 0.000000000 0.000000000
834 0.991935492 0.008064516 0.000000000
835 0.000000000 1.000000000 0.000000000
836 1.000000000 0.000000000 0.000000000
837 1.000000000 0.000000000 0.000000000
838 1.000000000 0.000000000 0.000000000
839 0.983870983 0.016129032 0.000000000
840 1.000000000 0.000000000 0.000000000
841 0.500000000 0.500000000 0.000000000
842 0.142857149 0.857142866 0.000000000
843 0.958333313 0.041666668 0.000000000
844 0.909090936 0.090909094 0.000000000
845 1.000000000 0.000000000 0.000000000
846 0.992125988 0.007874016 0.000000000
847 0.899159670 0.100840338 0.000000000
848 0.981981993 0.018018018 0.000000000
849 0.083333336 0.916666687 0.000000000
850 0.500000000 0.500000000 0.000000000
851 0.801652908 0.198347107 0.000000000
852 0.751002789 0.248997182 0.000000000
853 0.500000000 0.500000000 0.000000000
854 0.500000000 0.500000000 0.000000000
855 0.869047642 0.130952388 0.000000000
856 0.007042253 0.992957771 0.000000000
857 0.683035731 0.316964298 0.000000000
858 0.000000000 1.000000000 0.000000000
859 0.000000000 1.000000000 0.000000000
860 0.022116726 0.977883279 0.000000000
861 0.002209131 0.997790873 0.000000000
862 0.784132838 0.215867162 0.000000000
863 0.000000000 1.000000000 0.000000000
864 0.055555556 0.944444418 0.000000000
865 1.000000000 0.000000000 0.000000000
866 1.000000000 0.000000000 0.000000000
867 1.000000000 0.000000000 0.000000000
868 0.500000000 0.500000000 0.000000000
869 1.000000000 0.000000000 0.000000000
870 0.500000000 0.500000000 0.000000000
871 0.500000000 0.500000000 0.000000000
872 0.500000000 0.500000000 0.000000000
873 0.500000000 0.500000000 0.000000000
874 1.000000000 0.000000000 0.000000000
875 0.500000000 0.500000000 0.000000000
876 0.988826811 0.011173184 0.000000000
877 0.995594740 0.004405286 0.000000000
878 0.003875969 0.996124029 0.000000000
879 1.000000000 0.000000000 0.000000000
880 0.250000000 0.750000000 0.000000000
881 0.992500007 0.007500000 0.000000000
882 1.000000000 0.000000000 0.000000000
883 0.740740716 0.259259254 0.000000000
884 0.993751049 0.006248930 0.000000000
885 0.012135922 0.987864077 0.000000000
886 0.473829210 0.526170790 0.000000000
887 0.988095224 0.011904762 0.000000000
888 0.105263159 0.894736826 0.000000000
889 1.000000000 0.000000000 0.000000000
890 0.045454547 0.954545438 0.000000000
891 1.000000000 0.000000000 0.000000000
892 0.008308157 0.991691828 0.000000000
893 0.003649635 0.996350348 0.000000000
894 0.001905972 0.998094022 0.000000000
895 0.000000000 1.000000000 0.000000000
896 0.005424528 0.994575500 0.000000000
897 0.001930502 0.998069525 0.000000000
898 0.187005490 0.812994540 0.000000000
899 0.001409774 0.998590231 0.000000000
900 0.000000000 1.000000000 0.000000000
901 0.000000000 0.500000000 0.500000000
902 0.000000000 0.250000000 0.750000000
903 0.000000000 0.500000000 0.500000000
904 0.000000000 0.500000000 0.500000000
905 0.000000000 0.500000000 0.500000000
906 0.000000000 1.000000000 0.000000000
907 0.000000000 0.500000000 0.500000000
908 0.000000000 0.875000000 0.125000000
909 0.000000000 0.787967920 0.212032080
910 0.000000000 0.800000012 0.200000003
911 0.000000000 0.465857804 0.534142196
912 0.000000000 1.000000000 0.000000000
913 0.000000000 0.027472528 0.972527444
914 0.000000000 0.973684192 0.026315790
915 0.000000000 0.387290061 0.612709939
916 0.000000000 0.634771109 0.365228921
917 0.000000000 0.055892125 0.944107890
918 0.000000000 0.959016383 0.040983606
919 0.000000000 0.454887211 0.545112789
920 0.000000000 0.430356681 0.569643319
921 0.000000000 0.224489793 0.775510192
922 0.000000000 0.943604171 0.056395847
923 0.000000000 0.639180779 0.360819221
924 0.000000000 0.978260875 0.021739131
925 0.000000000 1.000000000 0.000000000
926 0.000000000 1.000000000 0.000000000
927 0.000000000 0.997756720 0.002243271
928 0.000000000 0.254999995 0.745000005
929 0.000000000 0.960091829 0.039908193
930 0.000000000 0.503080308 0.496919662
931 0.000000000 0.681884766 0.318115234
932 0.000000000 0.817663848 0.182336167
933 0.000000000 0.464275479 0.535724521
934 0.000000000 0.839538515 0.160461456
935 0.000000000 0.448008060 0.551991940
936 0.000000000 0.003880719 0.996119261
937 0.000000000 0.000000000 1.000000000
938 0.000000000 0.033658192 0.966341794
939 0.000000000 0.353706032 0.646293998
940 0.000000000 0.913988650 0.086011343
941 0.000000000 0.538732409 0.461267620
942 0.000000000 0.054067276 0.945932746
943 0.000000000 0.021126760 0.978873253
944 0.000000000 0.020981371 0.979018629
945 0.000000000 0.017006803 0.982993186
946 0.000000000 0.803757250 0.196242779
947 0.000000000 0.326024234 0.673975766
948 0.000000000 0.076470591 0.923529387
949 0.000000000 0.044871796 0.955128193
950 0.000000000 0.029411765 0.970588207
951 0.000000000 0.960317433 0.039682541
952 0.000000000 0.983333349 0.016666668
953 0.000000000 1.000000000 0.000000000
954 0.000000000 0.441176474 0.558823526
955 0.000000000 0.000000000 1.000000000
956 0.000000000 0.630434811 0.369565219
957 0.000000000 0.062500000 0.937500000
958 0.000000000 0.958333313 0.041666668
959 0.000000000 0.800000012 0.200000003
960 0.000000000 0.942939341 0.057060637
961 0.000000000 0.972005606 0.027994392
962 0.000000000 0.988151550 0.011848456
963 0.000000000 0.952599704 0.047400288
964 0.000000000 0.000727802 0.999272227
965 0.000000000 0.808776855 0.191223145
966 0.000000000 0.022874214 0.977125764
967 0.000000000 0.005438260 0.994561732
968 0.000000000 0.235931411 0.764068604
969 0.000000000 0.073873423 0.926126599
970 0.000000000 0.842583239 0.157416746
971 0.000000000 0.017094018 0.982905984
972 0.000000000 0.000000000 1.000000000
973 1.000000000 0.000000000 0.000000000
974 0.945026159 0.000000000 0.054973822
975 1.000000000 0.000000000 0.000000000
976 0.925555885 0.000630120 0.073814027
977 0.537058473 0.002347418 0.460594118
978 0.966244698 0.016877636 0.016877636
979 0.000000000 0.021126760 0.978873253
980 0.977324247 0.011337869 0.011337869
981 0.981859386 0.009070295 0.009070295
982 0.976878583 0.011560693 0.011560693
983 0.746929288 0.102587454 0.150483251
984 0.925490201 0.019607844 0.054901961
985 0.968684316 0.012820513 0.018495167
986 0.009803922 0.009803922 0.980392158
987 0.947089970 0.026455026 0.026455026
988 0.966666639 0.016666668 0.016666668
989 0.388026476 0.012748579 0.599224925
990 0.882352948 0.058823530 0.058823530
991 0.890638113 0.076028548 0.033333335
992 0.289855063 0.028985508 0.681159437
993 0.041666668 0.065530300 0.892803013
994 0.500000000 0.250000000 0.250000000
995 0.911111116 0.044444446 0.044444446
996 0.730231464 0.254767418 0.015001155
997 0.624096274 0.369080275 0.006823470
998 0.926032364 0.052879088 0.021088541
999 0.641746640 0.350773364 0.007479983
1000 0.006792819 0.007795201 0.985412002
1001 0.376122981 0.616725385 0.007151647
1002 0.000653808 0.002288329 0.997057855
1003 0.000639795 0.499680102 0.499680102
1004 0.000108155 0.063804619 0.936087251
1005 0.000000000 0.081528433 0.918471575
1006 0.185646042 0.741115034 0.073238917
1007 0.002629849 0.312664360 0.684705794
1008 0.000000000 0.063636363 0.936363637
1009 0.333333343 0.333333343 0.333333343
1010 0.333333343 0.333333343 0.333333343
1011 0.333333343 0.333333343 0.333333343
1012 0.333333343 0.333333343 0.333333343
1013 0.333333343 0.333333343 0.333333343
1014 0.000000000 0.000000000 1.000000000
1015 0.333333343 0.333333343 0.333333343
1016 0.591308117 0.047619049 0.361072838
1017 0.000000000 0.000000000 1.000000000
1018 0.133333340 0.133333340 0.733333349
1019 0.000000000 0.000000000 1.000000000
1020 0.940476179 0.029761905 0.029761905
1021 0.642857134 0.000000000 0.357142866
1022 0.000000000 0.000000000 1.000000000
1023 0.965944290 0.034055728 0.000000000
1024 1.000000000 0.000000000 0.000000000
1025 0.444444448 0.206349209 0.349206358
1026 1.000000000 0.000000000 0.000000000
1027 1.000000000 0.000000000 0.000000000
1028 1.000000000 0.000000000 0.000000000
1029 0.000000000 0.000000000 1.000000000
1030 0.956896544 0.005387931 0.037715517
1031 0.963414609 0.005363082 0.031222284
1032 0.949770272 0.050229732 0.000000000
1033 0.927785337 0.060722210 0.011492443
1034 0.794683576 0.180012763 0.025303643
1035 0.806459129 0.172647372 0.020893527
1036 0.000000000 0.000000000 1.000000000
1037 0.381735325 0.504783928 0.113480747
1038 0.000000000 0.498415887 0.501584113
1039 0.000000000 0.035514019 0.964486003
1040 0.000000000 0.000000000 1.000000000
1041 0.000000000 0.005952381 0.994047642
1042 0.045254350 0.943774581 0.010971055
1043 0.001572327 0.001572327 0.996855319
1044 0.500000000 0.500000000 0.000000000
1045 0.500000000 0.500000000 0.000000000
1046 0.500000000 0.500000000 0.000000000
1047 0.500000000 0.500000000 0.000000000
1048 0.500000000 0.500000000 0.000000000
1049 0.500000000 0.500000000 0.000000000
1050 0.500000000 0.500000000 0.000000000
1051 0.500000000 0.500000000 0.000000000
1052 0.500000000 0.500000000 0.000000000
1053 0.625000000 0.375000000 0.000000000
1054 0.500000000 0.500000000 0.000000000
1055 0.800000012 0.200000003 0.000000000
1056 0.500000000 0.500000000 0.000000000
1057 1.000000000 0.000000000 0.000000000
1058 0.500000000 0.500000000 0.000000000
1059 1.000000000 0.000000000 0.000000000
1060 1.000000000 0.000000000 0.000000000
1061 1.000000000 0.000000000 0.000000000
1062 0.800000012 0.200000003 0.000000000
1063 0.958904088 0.041095890 0.000000000
1064 0.987654328 0.012345679 0.000000000
1065 0.013157895 0.986842096 0.000000000
1066 0.899999976 0.100000001 0.000000000
1067 0.986879826 0.013120162 0.000000000
1068 0.000000000 1.000000000 0.000000000
1069 0.500000000 0.500000000 0.000000000
1070 0.500000000 0.500000000 0.000000000
1071 0.500000000 0.500000000 0.000000000
1072 0.000000000 1.000000000 0.000000000
1073 0.000000000 1.000000000 0.000000000
1074 0.000000000 1.000000000 0.000000000
1075 0.003968254 0.996031761 0.000000000
1076 0.006172840 0.993827164 0.000000000
1077 0.000000000 1.000000000 0.000000000
1078 0.003424658 0.996575356 0.000000000
1079 0.000000000 1.000000000 0.000000000
1080 0.000000000 1.000000000 0.000000000
1081 1.000000000 0.000000000 0.000000000
1082 1.000000000 0.000000000 0.000000000
1083 1.000000000 0.000000000 0.000000000
1084 1.000000000 0.000000000 0.000000000
1085 0.998084307 0.001915709 0.000000000
1086 0.798657715 0.201342285 0.000000000
1087 0.022058824 0.977941155 0.000000000
1088 0.993055582 0.006944444 0.000000000
1089 0.895833313 0.104166664 0.000000000
1090 0.941176474 0.058823530 0.000000000
1091 0.952380955 0.047619049 0.000000000
1092 0.987341762 0.012658228 0.000000000
1093 0.993333340 0.006666667 0.000000000
1094 0.000000000 1.000000000 0.000000000
1095 0.500000000 0.500000000 0.000000000
1096 0.500000000 0.500000000 0.000000000
1097 0.500000000 0.500000000 0.000000000
1098 0.150000006 0.850000024 0.000000000
1099 0.500000000 0.500000000 0.000000000
1100 0.800000012 0.200000003 0.000000000
1101 0.062500000 0.937500000 0.000000000
1102 0.500000000 0.500000000 0.000000000
1103 0.500000000 0.500000000 0.000000000
1104 0.022222223 0.977777779 0.000000000
1105 0.000000000 1.000000000 0.000000000
1106 0.133333340 0.866666675 0.000000000
1107 0.008771930 0.991228044 0.000000000
1108 0.000728863 0.999271154 0.000000000
1109 0.001811594 0.998188376 0.000000000
1110 0.001002674 0.998997331 0.000000000
1111 0.000965562 0.999034464 0.000000000
1112 0.003203759 0.996796250 0.000000000
1113 0.000179986 0.999819994 0.000000000
1114 0.006550218 0.993449807 0.000000000
1115 0.004710632 0.995289385 0.000000000
