0 0.000000000 0.851863503 0.148136482
1 0.000000000 0.763268352 0.236731678
2 0.000000000 0.884173512 0.115826458
3 0.000000000 0.905716181 0.094283819
4 0.000000000 0.721108615 0.278891385
5 0.000000000 0.404644847 0.595355153
6 0.000000000 0.534546435 0.465453535
7 0.000000000 0.576261222 0.423738807
8 0.000000000 0.855082452 0.144917578
9 0.000000000 0.959117353 0.040882621
10 0.000000000 0.499578804 0.500421166
11 0.000000000 0.045433190 0.954566836
12 0.984632313 0.015367660 0.000000000
13 0.851987183 0.079520635 0.068492167
14 0.632564664 0.324818850 0.042616501
15 0.509695709 0.355935544 0.134368747
16 0.037802722 0.673854053 0.288343221
17 0.037570104 0.327031165 0.635398746
18 0.983375967 0.016624017 0.000000000
19 0.916332245 0.067822568 0.015845213
20 0.767338157 0.191943869 0.040717982
21 0.619223833 0.300238878 0.080537267
22 0.041562732 0.731671393 0.226765856
23 0.016506260 0.166376710 0.817117035
24 0.848539412 0.151460558 0.000000000
25 0.932474911 0.067525059 0.000000000
26 0.610857427 0.389142573 0.000000000
27 0.566336811 0.433663160 0.000000000
28 0.060905986 0.939094007 0.000000000
29 0.034118783 0.965881228 0.000000000
30 0.846273363 0.153726622 0.000000000
31 0.730975986 0.269023985 0.000000000
32 0.162854627 0.837145388 0.000000000
33 0.044612501 0.955387473 0.000000000
34 0.021217981 0.978781998 0.000000000
35 0.010020409 0.989979565 0.000000000
36 0.000000000 0.437288314 0.562711716
37 0.000000000 0.838820159 0.161179811
38 0.000000000 0.911871612 0.088128410
39 0.000000000 0.871155620 0.128844365
40 0.000000000 0.768888414 0.231111586
41 0.000000000 0.853653967 0.146346048
42 0.000000000 0.703506172 0.296493828
43 0.000000000 0.414476514 0.585523486
44 0.000000000 0.864281178 0.135718837
45 0.000000000 1.000000000 0.000000000
46 0.000000000 0.886538982 0.113460995
47 0.000000000 0.962340176 0.037659794
48 0.000000000 0.956241071 0.043758925
49 0.000000000 0.981976867 0.018023120
50 0.000000000 0.350885719 0.649114251
51 0.000000000 1.000000000 0.000000000
52 0.000000000 1.000000000 0.000000000
53 0.000000000 0.980878353 0.019121638
54 0.000000000 0.984655499 0.015344491
55 0.000000000 1.000000000 0.000000000
56 0.000000000 1.000000000 0.000000000
57 0.000000000 0.328413635 0.671586394
58 0.000000000 1.000000000 0.000000000
59 0.000000000 0.932454109 0.067545891
60 0.000000000 0.952509701 0.047490302
61 0.000000000 1.000000000 0.000000000
62 0.000000000 1.000000000 0.000000000
63 0.000000000 1.000000000 0.000000000
64 0.000000000 0.144074172 0.855925798
65 0.000000000 0.590662956 0.409337044
66 0.000000000 0.462424606 0.537575364
67 0.000000000 0.628045022 0.371954948
68 0.000000000 0.811656773 0.188343242
69 0.000000000 0.701237559 0.298762470
70 0.000000000 0.677075088 0.322924882
71 0.000000000 0.273099571 0.726900399
72 0.000000000 0.050139986 0.949860036
73 0.000000000 0.645415902 0.354584098
74 0.000000000 0.441628158 0.558371842
75 0.000000000 0.448668391 0.551331639
76 0.000000000 0.638348162 0.361651808
77 0.000000000 0.798681319 0.201318696
78 0.000000000 0.780969977 0.219030038
79 0.000000000 0.099550925 0.900449097
80 0.000000000 1.000000000 0.000000000
81 0.000000000 1.000000000 0.000000000
82 0.000000000 1.000000000 0.000000000
83 0.000000000 1.000000000 0.000000000
84 0.000000000 1.000000000 0.000000000
85 0.000000000 1.000000000 0.000000000
86 0.000000000 0.028595190 0.971404791
87 0.000000000 1.000000000 0.000000000
88 0.000000000 1.000000000 0.000000000
89 0.000000000 1.000000000 0.000000000
90 0.000000000 1.000000000 0.000000000
91 0.000000000 1.000000000 0.000000000
92 0.000000000 1.000000000 0.000000000
93 0.000000000 0.032654859 0.967345119
94 0.000000000 0.996305287 0.003694721
95 0.000000000 1.000000000 0.000000000
96 0.000000000 0.923607349 0.076392636
97 0.000000000 1.000000000 0.000000000
98 0.000000000 1.000000000 0.000000000
99 0.000000000 1.000000000 0.000000000
100 0.000000000 0.093241893 0.906758130
101 0.000000000 0.176549479 0.823450506
102 0.000000000 0.183697030 0.816302955
103 0.000000000 0.160351291 0.839648724
104 0.000000000 0.228431731 0.771568298
105 0.000000000 0.335840166 0.664159834
106 0.000000000 0.410546124 0.589453876
107 0.000000000 0.000000000 1.000000000
108 0.102630518 0.070035413 0.827334046
109 0.998031139 0.001968887 0.000000000
110 1.000000000 0.000000000 0.000000000
111 1.000000000 0.000000000 0.000000000
112 0.984355867 0.015644155 0.000000000
113 0.978917003 0.021083025 0.000000000
114 1.000000000 0.000000000 0.000000000
115 0.086795010 0.000000000 0.913204968
116 0.960323632 0.000000000 0.039676346
117 1.000000000 0.000000000 0.000000000
118 1.000000000 0.000000000 0.000000000
119 0.953619540 0.046380453 0.000000000
120 0.921745241 0.042055678 0.036199108
121 0.986823261 0.013176714 0.000000000
122 0.046577986 0.025709609 0.927712381
123 0.886854649 0.113145344 0.000000000
124 0.753494501 0.238556057 0.007949423
125 0.816510677 0.183489338 0.000000000
126 0.734755993 0.183426961 0.081817023
127 0.741210699 0.232222810 0.026566479
128 0.901293397 0.075982712 0.022723895
129 0.066259444 0.037996177 0.895744383
130 0.416520715 0.579811692 0.003667573
131 0.411161661 0.588838339 0.000000000
132 0.353332847 0.641808927 0.004858198
133 0.265551686 0.734448314 0.000000000
134 0.395540386 0.604459584 0.000000000
135 0.306013823 0.693986177 0.000000000
136 0.066962302 0.279541373 0.653496325
137 0.015221109 0.984778881 0.000000000
138 0.220374107 0.641554773 0.138071120
139 0.107371047 0.785924256 0.106704667
140 0.207755730 0.792244256 0.000000000
141 0.198343232 0.775293469 0.026363319
142 0.248454779 0.751545250 0.000000000
143 0.116794325 0.052283503 0.830922186
144 0.098875307 0.035040736 0.866083980
145 0.967216074 0.032783907 0.000000000
146 1.000000000 0.000000000 0.000000000
147 0.975274205 0.024725799 0.000000000
148 1.000000000 0.000000000 0.000000000
149 0.962751806 0.037248224 0.000000000
150 1.000000000 0.000000000 0.000000000
151 0.061473876 0.091345772 0.847180367
152 0.996269166 0.003730813 0.000000000
153 1.000000000 0.000000000 0.000000000
154 1.000000000 0.000000000 0.000000000
155 0.999952853 0.000047133 0.000000000
156 0.888494253 0.111505769 0.000000000
157 0.968434334 0.031565636 0.000000000
158 0.038317230 0.015717117 0.945965648
159 0.956425488 0.043574493 0.000000000
160 0.904980302 0.095019698 0.000000000
161 0.854621232 0.145378768 0.000000000
162 0.651440024 0.348559976 0.000000000
163 0.804109693 0.195890293 0.000000000
164 0.881055355 0.118944630 0.000000000
165 0.087917872 0.041413002 0.870669127
166 0.418320239 0.581679761 0.000000000
167 0.575458348 0.424541622 0.000000000
168 0.191505671 0.808494329 0.000000000
169 0.318333894 0.681666076 0.000000000
170 0.388262570 0.611737430 0.000000000
171 0.568839073 0.431160927 0.000000000
172 0.000000000 0.205267489 0.794732511
173 0.036683433 0.963316560 0.000000000
174 0.001372585 0.998627424 0.000000000
175 0.058124200 0.941875815 0.000000000
176 0.075075828 0.924924195 0.000000000
177 0.135248899 0.864751101 0.000000000
178 0.013063299 0.986936688 0.000000000
179 0.033722922 0.254021615 0.712255478
180 0.073131181 0.926868796 0.000000000
181 1.000000000 0.000000000 0.000000000
182 0.979680419 0.020319562 0.000000000
183 1.000000000 0.000000000 0.000000000
184 1.000000000 0.000000000 0.000000000
185 1.000000000 0.000000000 0.000000000
186 1.000000000 0.000000000 0.000000000
187 0.034811471 0.965188503 0.000000000
188 0.966073811 0.033926181 0.000000000
189 1.000000000 0.000000000 0.000000000
190 1.000000000 0.000000000 0.000000000
191 0.987064421 0.012935595 0.000000000
192 0.997475088 0.002524903 0.000000000
193 0.993118584 0.006881387 0.000000000
194 0.059025962 0.940974057 0.000000000
195 1.000000000 0.000000000 0.000000000
196 1.000000000 0.000000000 0.000000000
197 1.000000000 0.000000000 0.000000000
198 0.840266585 0.159733415 0.000000000
199 0.986785769 0.013214251 0.000000000
200 0.957221985 0.042778041 0.000000000
201 0.066650338 0.933349669 0.000000000
202 0.848590374 0.151409626 0.000000000
203 0.911737144 0.088262871 0.000000000
204 0.805751979 0.194248006 0.000000000
205 0.828040361 0.171959609 0.000000000
206 0.798007727 0.201992258 0.000000000
207 0.826060772 0.173939213 0.000000000
208 0.051511452 0.948488533 0.000000000
209 0.204630122 0.795369864 0.000000000
210 0.374856621 0.625143409 0.000000000
211 0.349482954 0.650517046 0.000000000
212 0.490494400 0.509505630 0.000000000
213 0.580176353 0.419823647 0.000000000
214 0.623339772 0.376660198 0.000000000
215 0.067897364 0.932102621 0.000000000
216 0.063581720 0.936418295 0.000000000
217 0.974751592 0.025248399 0.000000000
218 0.982528508 0.017471500 0.000000000
219 1.000000000 0.000000000 0.000000000
220 1.000000000 0.000000000 0.000000000
221 0.983935118 0.016064906 0.000000000
222 1.000000000 0.000000000 0.000000000
223 0.044604179 0.955395818 0.000000000
224 0.882620871 0.117379144 0.000000000
225 1.000000000 0.000000000 0.000000000
226 0.987240791 0.012759202 0.000000000
227 0.963594139 0.036405887 0.000000000
228 1.000000000 0.000000000 0.000000000
229 1.000000000 0.000000000 0.000000000
230 0.039410558 0.960589468 0.000000000
231 0.862129807 0.137870163 0.000000000
232 0.779727340 0.220272660 0.000000000
233 0.760595739 0.239404276 0.000000000
234 0.857434690 0.142565325 0.000000000
235 0.952879131 0.047120880 0.000000000
236 0.954261363 0.045738615 0.000000000
237 0.029677169 0.970322847 0.000000000
238 0.377702743 0.622297287 0.000000000
239 0.326575696 0.673424304 0.000000000
240 0.880786300 0.119213700 0.000000000
241 0.894057155 0.105942845 0.000000000
242 0.853965104 0.146034867 0.000000000
243 0.987648070 0.012351946 0.000000000
244 0.033007015 0.966992974 0.000000000
245 0.444776386 0.555223644 0.000000000
246 0.367524654 0.632475376 0.000000000
247 0.395693451 0.604306519 0.000000000
248 0.488350749 0.511649251 0.000000000
249 0.543399990 0.456600010 0.000000000
250 0.614765763 0.385234237 0.000000000
251 0.089786552 0.910213470 0.000000000
252 0.000000000 0.202541798 0.797458172
253 0.000000000 0.309645742 0.690354288
254 0.000000000 0.591162622 0.408837348
255 0.000000000 0.633217871 0.366782159
256 0.000000000 0.881107092 0.118892916
257 0.000000000 0.778295875 0.221704155
258 0.000000000 0.418927491 0.581072509
259 0.000000000 0.413782537 0.586217463
260 0.000000000 0.573332250 0.426667750
261 0.000000000 0.624206781 0.375793248
262 0.000000000 0.798172534 0.201827452
263 0.000000000 0.782163501 0.217836469
264 0.000000000 0.355230123 0.644769847
265 0.000000000 0.298881859 0.701118112
266 0.000000000 0.224830806 0.775169194
267 0.000000000 0.643021345 0.356978655
268 0.000000000 0.823351979 0.176648036
269 0.000000000 0.500830710 0.499169290
270 0.000000000 0.578588843 0.421411157
271 0.000000000 0.329143912 0.670856118
272 0.000000000 0.738099992 0.261900038
273 0.000000000 0.086087979 0.913911998
274 0.000000000 0.934460223 0.065539792
275 0.000000000 0.910632670 0.089367345
276 0.000000000 0.762031257 0.237968743
277 0.000000000 0.490773261 0.509226739
278 0.000000000 0.789596498 0.210403487
279 0.000000000 0.694566309 0.305433720
280 0.000000000 0.042890407 0.957109571
281 0.000000000 0.760366917 0.239633083
282 0.000000000 0.112827353 0.887172639
283 0.000000000 0.109388381 0.890611649
284 0.000000000 0.154716894 0.845283091
285 0.000000000 0.373153478 0.626846552
286 0.000000000 0.805046320 0.194953680
287 0.000000000 0.101492889 0.898507118
288 0.000000000 0.000000000 1.000000000
289 0.000000000 0.076782927 0.923217058
290 0.000000000 0.047360133 0.952639878
291 0.000000000 0.100401916 0.899598062
292 0.000000000 0.246225134 0.753774881
293 0.000000000 0.276533484 0.723466516
294 0.000000000 0.084181339 0.915818632
295 0.000000000 0.098383285 0.901616693
296 0.000000000 0.188874677 0.811125338
297 0.000000000 0.445038646 0.554961383
298 0.000000000 0.711502373 0.288497597
299 0.000000000 0.891062558 0.108937457
300 0.000000000 0.737804055 0.262195915
301 0.000000000 0.678914607 0.321085423
302 0.000000000 0.000000000 1.000000000
303 0.000000000 0.902539611 0.097460411
304 0.000000000 0.999660850 0.000339126
305 0.000000000 0.974918425 0.025081549
306 0.000000000 0.999442816 0.000557205
307 0.000000000 0.938531458 0.061468519
308 0.000000000 0.957848489 0.042151500
309 0.000000000 0.018082572 0.981917441
310 0.000000000 1.000000000 0.000000000
311 0.000000000 1.000000000 0.000000000
312 0.000000000 1.000000000 0.000000000
313 0.000000000 1.000000000 0.000000000
314 0.000000000 0.946227551 0.053772457
315 0.000000000 0.985259950 0.014740026
316 0.000000000 0.024531886 0.975468099
317 0.000000000 0.784069538 0.215930432
318 0.000000000 0.011192963 0.988807023
319 0.000000000 0.025841733 0.974158287
320 0.000000000 0.010257563 0.989742458
321 0.000000000 0.000000000 1.000000000
322 0.000000000 0.412934542 0.587065458
323 0.000000000 0.001882326 0.998117685
324 0.074552879 0.115780823 0.809666276
325 0.900360286 0.000000000 0.099639721
326 0.962126672 0.000000000 0.037873320
327 0.887550592 0.003582343 0.108867094
328 0.908068061 0.088883296 0.003048642
329 0.943585932 0.023592260 0.032821830
330 0.952519655 0.000000000 0.047480322
331 0.018874928 0.071887545 0.909237504
332 0.447702020 0.001533220 0.550764740
333 0.613863587 0.029738534 0.356397867
334 0.480522603 0.006055405 0.513422012
335 0.921847582 0.000000000 0.078152403
336 0.960124612 0.039875366 0.000000000
337 0.977584004 0.012082559 0.010333451
338 0.072772793 0.009374068 0.917853117
339 0.814251125 0.000700088 0.185048759
340 0.782123327 0.042545345 0.175331295
341 0.997919559 0.002080439 0.000000000
342 0.922913790 0.077086225 0.000000000
343 0.935369313 0.032304090 0.032326605
344 0.687708974 0.003910928 0.308380067
345 0.073163733 0.000000000 0.926836252
346 0.439634860 0.160188496 0.400176644
347 0.720539927 0.279460073 0.000000000
348 0.334577084 0.665422916 0.000000000
349 0.532168031 0.460817128 0.007014830
350 0.446183383 0.464347005 0.089469619
351 0.451333493 0.541487873 0.007178613
352 0.028357886 0.037393950 0.934248149
353 0.027142892 0.972857118 0.000000000
354 0.033575341 0.877380729 0.089043908
355 0.063705951 0.805678725 0.130615324
356 0.029334849 0.594165742 0.376499444
357 0.062417395 0.790593445 0.146989152
358 0.000000000 0.984228253 0.015771762
359 0.065464966 0.055556905 0.878978133
360 0.069492616 0.201396227 0.729111135
361 0.848086298 0.000000000 0.151913702
362 1.000000000 0.000000000 0.000000000
363 0.974308968 0.025691003 0.000000000
364 0.997217298 0.002782731 0.000000000
365 0.958006501 0.000000000 0.041993503
366 1.000000000 0.000000000 0.000000000
367 0.028630525 0.147708207 0.823661268
368 0.979797959 0.000000000 0.020202018
369 0.995315731 0.003023887 0.001660369
370 0.968949199 0.031050792 0.000000000
371 1.000000000 0.000000000 0.000000000
372 0.973369241 0.000000000 0.026630759
373 0.814309478 0.066286989 0.119403541
374 0.000000000 0.137170389 0.862829626
375 0.963901162 0.036098842 0.000000000
376 1.000000000 0.000000000 0.000000000
377 0.884828687 0.115171321 0.000000000
378 0.891366601 0.108633377 0.000000000
379 0.752062023 0.247937962 0.000000000
380 0.848530054 0.151469961 0.000000000
381 0.193847686 0.144376963 0.661775351
382 0.691754222 0.296398580 0.011847202
383 0.615279973 0.384720027 0.000000000
384 0.393641323 0.606358647 0.000000000
385 0.482326120 0.514602900 0.003070979
386 0.591814995 0.408184975 0.000000000
387 0.599861860 0.400138110 0.000000000
388 0.055326995 0.075277396 0.869395614
389 0.199941173 0.800058842 0.000000000
390 0.007072716 0.933929622 0.058997668
391 0.000089615 0.904036820 0.095873542
392 0.032280210 0.875158548 0.092561238
393 0.046137013 0.953862965 0.000000000
394 0.079248302 0.901136637 0.019615032
395 0.162940055 0.203064561 0.633995414
396 0.049073096 0.950926900 0.000000000
397 1.000000000 0.000000000 0.000000000
398 1.000000000 0.000000000 0.000000000
399 1.000000000 0.000000000 0.000000000
400 0.950430989 0.049568988 0.000000000
401 1.000000000 0.000000000 0.000000000
402 0.962051213 0.037948761 0.000000000
403 0.000000000 1.000000000 0.000000000
404 0.994197071 0.005802918 0.000000000
405 0.989285827 0.010714199 0.000000000
406 0.971039474 0.028960528 0.000000000
407 1.000000000 0.000000000 0.000000000
408 1.000000000 0.000000000 0.000000000
409 1.000000000 0.000000000 0.000000000
410 0.000000000 1.000000000 0.000000000
411 0.972612560 0.027387453 0.000000000
412 0.977411568 0.022588441 0.000000000
413 0.923603415 0.076396555 0.000000000
414 0.962442696 0.037557293 0.000000000
415 1.000000000 0.000000000 0.000000000
416 1.000000000 0.000000000 0.000000000
417 0.054078944 0.945921063 0.000000000
418 0.991298974 0.008701001 0.000000000
419 0.948656201 0.051343810 0.000000000
420 0.911745191 0.088254809 0.000000000
421 0.868339658 0.131660357 0.000000000
422 0.937493861 0.062506169 0.000000000
423 0.887892127 0.112107903 0.000000000
424 0.013235024 0.986764967 0.000000000
425 0.540747166 0.459252805 0.000000000
426 0.113664284 0.886335731 0.000000000
427 0.054817565 0.945182443 0.000000000
428 0.261609763 0.738390207 0.000000000
429 0.216967851 0.783032179 0.000000000
430 0.669299722 0.330700278 0.000000000
431 0.027273633 0.972726345 0.000000000
432 0.026164472 0.973835528 0.000000000
433 0.954018891 0.045981135 0.000000000
434 0.965997279 0.034002744 0.000000000
435 0.939911723 0.060088258 0.000000000
436 1.000000000 0.000000000 0.000000000
437 0.940976918 0.059023067 0.000000000
438 0.965397239 0.034602754 0.000000000
439 0.012707433 0.987292588 0.000000000
440 0.920789838 0.079210155 0.000000000
441 0.962565482 0.037434530 0.000000000
442 0.993200600 0.006799395 0.000000000
443 0.946469605 0.053530395 0.000000000
444 0.975776374 0.024223624 0.000000000
445 0.973050237 0.026949782 0.000000000
446 0.021157093 0.978842914 0.000000000
447 0.883562863 0.116437122 0.000000000
448 0.987852454 0.012147520 0.000000000
449 0.929742575 0.070257433 0.000000000
450 0.835715175 0.164284840 0.000000000
451 0.859524906 0.140475079 0.000000000
452 0.988827169 0.011172807 0.000000000
453 0.084191464 0.915808558 0.000000000
454 0.642313719 0.357686311 0.000000000
455 0.706216514 0.293783486 0.000000000
456 0.670023501 0.329976499 0.000000000
457 0.783339977 0.216660023 0.000000000
458 0.837172985 0.162827015 0.000000000
459 0.987329245 0.012670753 0.000000000
460 0.010842868 0.989157140 0.000000000
461 0.601234078 0.398765951 0.000000000
462 0.192988783 0.807011187 0.000000000
463 0.200103313 0.799896717 0.000000000
464 0.405905932 0.594094038 0.000000000
465 0.401078135 0.598921835 0.000000000
466 0.491790444 0.508209527 0.000000000
467 0.033933397 0.966066599 0.000000000
468 0.000000000 0.538225889 0.461774111
469 0.000000000 0.540518880 0.459481150
470 0.000000000 0.649099469 0.350900531
471 0.000000000 0.652624905 0.347375065
472 0.000000000 0.743501604 0.256498367
473 0.000000000 0.756944656 0.243055359
474 0.000000000 0.827694714 0.172305271
475 0.000000000 0.677412748 0.322587252
476 0.000000000 0.998240709 0.001759277
477 0.000000000 1.000000000 0.000000000
478 0.000000000 0.969841719 0.030158289
479 0.000000000 1.000000000 0.000000000
480 0.000000000 0.941332579 0.058667451
481 0.000000000 0.954620481 0.045379538
482 0.000000000 0.957890153 0.042109873
483 0.000000000 0.964514434 0.035485558
484 0.000000000 0.899353504 0.100646481
485 0.000000000 0.936607063 0.063392922
486 0.000000000 0.991254032 0.008745976
487 0.000000000 1.000000000 0.000000000
488 0.000000000 1.000000000 0.000000000
489 0.000000000 0.953718245 0.046281740
490 0.000000000 1.000000000 0.000000000
491 0.000000000 1.000000000 0.000000000
492 0.000000000 1.000000000 0.000000000
493 0.000000000 1.000000000 0.000000000
494 0.000000000 1.000000000 0.000000000
495 0.000000000 1.000000000 0.000000000
496 0.000000000 0.694854677 0.305145323
497 0.000000000 1.000000000 0.000000000
498 0.000000000 0.968521416 0.031478573
499 0.000000000 0.931960285 0.068039738
500 0.000000000 0.934748948 0.065251067
501 0.000000000 0.938101292 0.061898716
502 0.000000000 1.000000000 0.000000000
503 0.000000000 0.401927590 0.598072410
504 0.000000000 0.000000000 1.000000000
505 0.000000000 0.199256673 0.800743341
506 0.000000000 0.643421292 0.356578708
507 0.000000000 0.632336259 0.367663711
508 0.000000000 0.723845720 0.276154250
509 0.000000000 0.771315813 0.228684187
510 0.000000000 0.034651920 0.965348065
511 0.000000000 0.090068579 0.909931421
512 0.000000000 0.638929844 0.361070156
513 0.000000000 0.906606734 0.093393281
514 0.000000000 0.861423671 0.138576359
515 0.000000000 0.898201704 0.101798318
516 0.000000000 0.172238201 0.827761829
517 0.000000000 0.525766969 0.474233031
518 0.000000000 0.089288771 0.910711229
519 0.000000000 0.957811654 0.042188317
520 0.000000000 0.982851148 0.017148873
521 0.000000000 1.000000000 0.000000000
522 0.000000000 0.462923199 0.537076771
523 0.000000000 0.645938516 0.354061484
524 0.000000000 0.922300935 0.077699080
525 0.000000000 0.234271988 0.765727997
526 0.000000000 1.000000000 0.000000000
527 0.000000000 1.000000000 0.000000000
528 0.000000000 0.541354001 0.458645999
529 0.000000000 0.631788254 0.368211716
530 0.000000000 0.923658073 0.076341957
531 0.000000000 1.000000000 0.000000000
532 0.000000000 0.079882018 0.920117974
533 0.000000000 0.264019758 0.735980213
534 0.000000000 0.019857386 0.980142593
535 0.000000000 0.057820618 0.942179382
536 0.000000000 0.033572499 0.966427505
537 0.000000000 0.114502266 0.885497749
538 0.000000000 0.704869330 0.295130670
539 0.000000000 0.046867158 0.953132868
540 0.099443719 0.000000000 0.900556266
541 1.000000000 0.000000000 0.000000000
542 0.955850422 0.000000000 0.044149566
543 1.000000000 0.000000000 0.000000000
544 0.996470988 0.003529007 0.000000000
545 0.910150945 0.017084615 0.072764419
546 0.981468916 0.000000000 0.018531056
547 0.030192234 0.043128502 0.926679254
548 0.854009748 0.001708969 0.144281268
549 0.997183740 0.002816284 0.000000000
550 1.000000000 0.000000000 0.000000000
551 0.919570923 0.000000000 0.080429092
552 0.941017807 0.046053793 0.012928388
553 0.968664289 0.012959580 0.018376142
554 0.026257737 0.067429930 0.906312346
555 0.952686310 0.000000000 0.047313705
556 0.904396355 0.073729582 0.021874078
557 0.813775599 0.086172499 0.100051925
558 0.968644023 0.004727921 0.026628055
559 0.812570930 0.080647759 0.106781319
560 0.927955806 0.026033044 0.046011172
561 0.077789895 0.123432718 0.798777401
562 0.900834680 0.062284175 0.036881153
563 1.000000000 0.000000000 0.000000000
564 0.490875721 0.509124279 0.000000000
565 0.280785143 0.691467762 0.027747083
566 0.363010347 0.636989653 0.000000000
567 0.498753607 0.501246393 0.000000000
568 0.036206186 0.157310754 0.806483030
569 0.180509135 0.755203247 0.064287588
570 0.071618244 0.717322290 0.211059451
571 0.020943357 0.769682527 0.209374145
572 0.042896412 0.792527497 0.164576098
573 0.064152613 0.883154333 0.052693039
574 0.179305747 0.820694268 0.000000000
575 0.072753243 0.045968868 0.881277919
576 0.028166480 0.094201699 0.877631843
577 0.761218548 0.117147408 0.121634074
578 0.869366944 0.130633026 0.000000000
579 0.937819481 0.062180504 0.000000000
580 0.926619589 0.073380426 0.000000000
581 0.922965646 0.000000000 0.077034347
582 1.000000000 0.000000000 0.000000000
583 0.029063851 0.084965110 0.885971010
584 1.000000000 0.000000000 0.000000000
585 0.960908115 0.039091855 0.000000000
586 1.000000000 0.000000000 0.000000000
587 0.951077640 0.048922360 0.000000000
588 0.914130390 0.030705264 0.055164330
589 0.850036085 0.123340197 0.026623735
590 0.000000000 0.079830736 0.920169234
591 0.663847089 0.314909965 0.021242926
592 0.698134959 0.241575494 0.060289524
593 0.716326714 0.248311132 0.035362162
594 0.746131122 0.253868878 0.000000000
595 0.761104047 0.238895923 0.000000000
596 0.713655412 0.272525311 0.013819309
597 0.041837182 0.001008598 0.957154214
598 0.666543543 0.333456457 0.000000000
599 0.668892145 0.331107885 0.000000000
600 0.421990931 0.578009069 0.000000000
601 0.248535007 0.751465023 0.000000000
602 0.243421897 0.756578088 0.000000000
603 0.329219878 0.670780122 0.000000000
604 0.028424634 0.105796561 0.865778804
605 0.046653029 0.953346968 0.000000000
606 0.000000000 0.876524448 0.123475559
607 0.000000000 0.868282914 0.131717101
608 0.000000000 0.634917080 0.365082890
609 0.100652181 0.583191931 0.316155851
610 0.018761624 0.719515860 0.261722505
611 0.000000000 0.193320200 0.806679785
612 0.010888290 0.989111722 0.000000000
613 1.000000000 0.000000000 0.000000000
614 0.918212235 0.081787765 0.000000000
615 0.938874304 0.061125670 0.000000000
616 0.991974950 0.008025024 0.000000000
617 1.000000000 0.000000000 0.000000000
618 1.000000000 0.000000000 0.000000000
619 0.000000000 1.000000000 0.000000000
620 0.916605949 0.083394051 0.000000000
621 1.000000000 0.000000000 0.000000000
622 0.933781624 0.066218384 0.000000000
623 1.000000000 0.000000000 0.000000000
624 0.910724998 0.089275010 0.000000000
625 0.849156857 0.150843143 0.000000000
626 0.000000000 1.000000000 0.000000000
627 0.852934361 0.147065669 0.000000000
628 0.967580259 0.032419745 0.000000000
629 0.918010056 0.081989951 0.000000000
630 0.895246685 0.104753301 0.000000000
631 0.789367557 0.210632443 0.000000000
632 0.871577919 0.128422096 0.000000000
633 0.094936937 0.905063093 0.000000000
634 0.950123966 0.049876057 0.000000000
635 0.838004887 0.161995143 0.000000000
636 0.775803626 0.224196374 0.000000000
637 0.578218579 0.421781421 0.000000000
638 0.543602228 0.456397772 0.000000000
639 0.764841497 0.235158518 0.000000000
640 0.046439826 0.953560174 0.000000000
641 0.473484159 0.526515841 0.000000000
642 0.094469577 0.905530393 0.000000000
643 0.165187225 0.834812760 0.000000000
644 0.137314290 0.862685680 0.000000000
645 0.276950538 0.723049462 0.000000000
646 0.549310267 0.450689703 0.000000000
647 0.067768939 0.932231069 0.000000000
648 0.066719994 0.933279991 0.000000000
649 0.988998473 0.011001522 0.000000000
650 1.000000000 0.000000000 0.000000000
651 0.974935591 0.025064409 0.000000000
652 1.000000000 0.000000000 0.000000000
653 1.000000000 0.000000000 0.000000000
654 1.000000000 0.000000000 0.000000000
655 0.031376619 0.968623400 0.000000000
656 1.000000000 0.000000000 0.000000000
657 1.000000000 0.000000000 0.000000000
658 1.000000000 0.000000000 0.000000000
659 0.967227459 0.032772541 0.000000000
660 1.000000000 0.000000000 0.000000000
661 0.987760425 0.012239587 0.000000000
662 0.000000000 1.000000000 0.000000000
663 0.934225202 0.065774813 0.000000000
664 0.865221322 0.134778664 0.000000000
665 0.882307351 0.117692649 0.000000000
666 0.619892657 0.380107313 0.000000000
667 0.837540925 0.162459075 0.000000000
668 0.939870954 0.060129035 0.000000000
669 0.022493990 0.977505982 0.000000000
670 0.618884683 0.381115317 0.000000000
671 0.479636282 0.520363748 0.000000000
672 0.645245790 0.354754210 0.000000000
673 0.854213536 0.145786449 0.000000000
674 0.883314073 0.116685942 0.000000000
675 0.842312396 0.157687604 0.000000000
676 0.042437520 0.957562506 0.000000000
677 0.232720226 0.767279804 0.000000000
678 0.027398633 0.972601354 0.000000000
679 0.035176918 0.964823067 0.000000000
680 0.241804078 0.758195937 0.000000000
681 0.187905222 0.812094808 0.000000000
682 0.405730128 0.594269872 0.000000000
683 0.006635926 0.993364096 0.000000000
684 0.000000000 0.775947332 0.224052638
685 0.000000000 0.099803984 0.900196016
686 0.000000000 0.254193723 0.745806277
687 0.000000000 0.207732782 0.792267203
688 0.000000000 0.549911559 0.450088412
689 0.000000000 0.420661181 0.579338849
690 0.000000000 0.605016828 0.394983172
691 0.000000000 0.468724161 0.531275809
692 0.000000000 0.464825034 0.535174966
693 0.000000000 0.449542046 0.550457954
694 0.000000000 0.747073591 0.252926409
695 0.000000000 0.439862072 0.560137928
696 0.000000000 0.375839680 0.624160290
697 0.000000000 0.296862870 0.703137159
698 0.000000000 0.688242435 0.311757565
699 0.000000000 0.351477534 0.648522496
700 0.000000000 0.750530362 0.249469668
701 0.000000000 0.574213922 0.425786048
702 0.000000000 0.941268325 0.058731701
703 0.000000000 0.527696848 0.472303152
704 0.000000000 0.703245819 0.296754152
705 0.000000000 0.379146874 0.620853126
706 0.000000000 0.952751040 0.047248986
707 0.000000000 0.560887039 0.439112961
708 0.000000000 0.839459002 0.160540998
709 0.000000000 0.830652654 0.169347346
710 0.000000000 0.786724865 0.213275120
711 0.000000000 0.746971488 0.253028542
712 0.000000000 0.248005837 0.751994193
713 0.000000000 0.828495443 0.171504557
714 0.000000000 0.626199126 0.373800874
715 0.000000000 0.604499817 0.395500213
716 0.000000000 0.634320855 0.365679145
717 0.000000000 0.603863955 0.396136045
718 0.000000000 0.859151363 0.140848607
719 0.000000000 0.209103659 0.790896356
720 0.000000000 0.115627915 0.884372056
721 0.000000000 0.030759946 0.969240069
722 0.000000000 0.246119276 0.753880739
723 0.000000000 0.270115197 0.729884803
724 0.000000000 0.451349169 0.548650861
725 0.000000000 0.354316503 0.645683467
726 0.000000000 0.005295999 0.994704008
727 0.000000000 0.171675846 0.828324139
728 0.000000000 0.000000000 1.000000000
729 0.000000000 0.134818643 0.865181386
730 0.000000000 0.793789506 0.206210524
731 0.000000000 0.263047457 0.736952543
732 0.000000000 0.134424061 0.865575910
733 0.000000000 0.152867511 0.847132504
734 0.000000000 0.089664064 0.910335958
735 0.000000000 0.717968404 0.282031596
736 0.000000000 1.000000000 0.000000000
737 0.000000000 0.951213598 0.048786420
738 0.000000000 0.615403533 0.384596497
739 0.000000000 0.607343972 0.392655998
740 0.000000000 0.883632481 0.116367504
741 0.000000000 0.039898116 0.960101902
742 0.000000000 1.000000000 0.000000000
743 0.000000000 1.000000000 0.000000000
744 0.000000000 0.988460064 0.011539908
745 0.000000000 0.961292207 0.038707793
746 0.000000000 0.979458094 0.020541906
747 0.000000000 0.999371707 0.000628274
748 0.000000000 0.050394583 0.949605405
749 0.000000000 0.978570938 0.021429034
750 0.000000000 0.020271510 0.979728520
751 0.000000000 0.024486363 0.975513637
752 0.000000000 0.010964888 0.989035130
753 0.000000000 0.275897443 0.724102557
754 0.000000000 0.973621488 0.026378540
755 0.000000000 0.010683998 0.989315987
756 0.129934594 0.256070584 0.613994837
757 0.834830344 0.000000000 0.165169656
758 0.951444209 0.000000000 0.048555810
759 0.897229850 0.000000000 0.102770172
760 1.000000000 0.000000000 0.000000000
761 0.735926270 0.041774981 0.222298771
762 1.000000000 0.000000000 0.000000000
763 0.059384488 0.101732872 0.838882625
764 0.928517878 0.000000000 0.071482100
765 0.982322812 0.000000000 0.017677195
766 0.923045337 0.027565524 0.049389146
767 0.667129815 0.000000000 0.332870215
768 0.914671659 0.035397638 0.049930692
769 0.924120843 0.000000000 0.075879134
770 0.000000000 0.098544344 0.901455641
771 0.983758271 0.000000000 0.016241748
772 0.964859784 0.000000000 0.035140242
773 0.822389126 0.011912789 0.165698081
774 0.862453699 0.137546301 0.000000000
775 0.893252015 0.000000000 0.106747970
776 0.877861500 0.003796301 0.118342213
777 0.080037318 0.000000000 0.919962704
778 0.977120578 0.000000000 0.022879396
779 0.931228757 0.000000000 0.068771273
780 0.656395197 0.343604803 0.000000000
781 0.673446417 0.326553583 0.000000000
782 0.648617983 0.351382047 0.000000000
783 0.611712754 0.384259641 0.004027594
784 0.040295210 0.043315165 0.916389644
785 0.388058543 0.552411020 0.059530430
786 0.017982887 0.777846038 0.204171106
787 0.020012254 0.520080864 0.459906876
788 0.009512479 0.523770273 0.466717213
789 0.007803438 0.723608434 0.268588126
790 0.099641867 0.896387815 0.003970296
791 0.071494006 0.018468156 0.910037816
792 0.000000000 0.170935705 0.829064310
793 0.797753215 0.000000000 0.202246800
794 1.000000000 0.000000000 0.000000000
795 0.982248127 0.000000000 0.017751893
796 1.000000000 0.000000000 0.000000000
797 1.000000000 0.000000000 0.000000000
798 1.000000000 0.000000000 0.000000000
799 0.082309566 0.033950713 0.883739710
800 0.956701636 0.000000000 0.043298345
801 0.995772123 0.000000000 0.004227901
802 0.990844071 0.000000000 0.009155958
803 1.000000000 0.000000000 0.000000000
804 0.932444930 0.000000000 0.067555062
805 0.951572180 0.042099141 0.006328692
806 0.038549546 0.079215050 0.882235408
807 0.855417013 0.141212940 0.003370058
808 0.945193350 0.025931776 0.028874852
809 0.819398224 0.155833840 0.024767917
810 0.919758976 0.080241017 0.000000000
811 1.000000000 0.000000000 0.000000000
812 0.966996729 0.033003274 0.000000000
813 0.135956034 0.083500221 0.780543745
814 0.900529623 0.087942488 0.011527909
815 0.806165159 0.193834856 0.000000000
816 0.612544298 0.387455732 0.000000000
817 0.865196109 0.134803876 0.000000000
818 0.621797144 0.378202885 0.000000000
819 0.669017553 0.320573717 0.010408717
820 0.026645591 0.121309131 0.852045298
821 0.286019087 0.713980913 0.000000000
822 0.044509873 0.840880930 0.114609219
823 0.019699607 0.880161643 0.100138769
824 0.000000000 0.818162978 0.181837037
825 0.032422859 0.895250916 0.072326213
826 0.004416750 0.983615041 0.011968205
827 0.090771548 0.063445710 0.845782757
828 0.006525265 0.993474722 0.000000000
829 1.000000000 0.000000000 0.000000000
830 0.976176977 0.023823014 0.000000000
831 1.000000000 0.000000000 0.000000000
832 1.000000000 0.000000000 0.000000000
833 1.000000000 0.000000000 0.000000000
834 0.995823085 0.004176929 0.000000000
835 0.051797781 0.948202193 0.000000000
836 0.926510513 0.073489480 0.000000000
837 1.000000000 0.000000000 0.000000000
838 1.000000000 0.000000000 0.000000000
839 1.000000000 0.000000000 0.000000000
840 1.000000000 0.000000000 0.000000000
841 0.968998373 0.031001603 0.000000000
842 0.051341865 0.948658109 0.000000000
843 0.993097007 0.006902991 0.000000000
844 0.993459165 0.006540807 0.000000000
845 0.957815230 0.042184744 0.000000000
846 0.942157567 0.057842419 0.000000000
847 0.966787994 0.033212002 0.000000000
848 1.000000000 0.000000000 0.000000000
849 0.059723534 0.940276444 0.000000000
850 1.000000000 0.000000000 0.000000000
851 0.985283315 0.014716666 0.000000000
852 0.973839045 0.026160931 0.000000000
853 1.000000000 0.000000000 0.000000000
854 0.908562720 0.091437265 0.000000000
855 0.985701382 0.014298641 0.000000000
856 0.046696596 0.953303397 0.000000000
857 0.724888444 0.275111556 0.000000000
858 0.010218405 0.989781618 0.000000000
859 0.020546978 0.979453027 0.000000000
860 0.050632186 0.949367821 0.000000000
861 0.082205527 0.917794466 0.000000000
862 0.462606460 0.537393510 0.000000000
863 0.075074546 0.924925447 0.000000000
864 0.085677363 0.914322615 0.000000000
865 1.000000000 0.000000000 0.000000000
866 1.000000000 0.000000000 0.000000000
867 0.984876990 0.015123022 0.000000000
868 0.979392648 0.020607343 0.000000000
869 0.993708193 0.006291831 0.000000000
870 1.000000000 0.000000000 0.000000000
871 0.053231038 0.946768939 0.000000000
872 0.938053310 0.061946705 0.000000000
873 1.000000000 0.000000000 0.000000000
874 0.883262932 0.116737053 0.000000000
875 0.997227907 0.002772093 0.000000000
876 1.000000000 0.000000000 0.000000000
877 1.000000000 0.000000000 0.000000000
878 0.110846229 0.889153779 0.000000000
879 0.834870279 0.165129721 0.000000000
880 0.851917326 0.148082688 0.000000000
881 1.000000000 0.000000000 0.000000000
882 0.853557348 0.146442667 0.000000000
883 0.942644835 0.057355139 0.000000000
884 0.973746479 0.026253520 0.000000000
885 0.083426349 0.916573644 0.000000000
886 0.756296217 0.243703768 0.000000000
887 0.774217010 0.225783005 0.000000000
888 0.827130318 0.172869697 0.000000000
889 1.000000000 0.000000000 0.000000000
890 1.000000000 0.000000000 0.000000000
891 0.971066654 0.028933346 0.000000000
892 0.015304635 0.984695375 0.000000000
893 0.755033851 0.244966149 0.000000000
894 0.012107166 0.987892807 0.000000000
895 0.012131013 0.987868965 0.000000000
896 0.018964339 0.981035650 0.000000000
897 0.022344099 0.977655888 0.000000000
898 0.265946150 0.734053850 0.000000000
899 0.025426097 0.974573910 0.000000000
900 0.000000000 0.347152025 0.652848005
901 0.000000000 0.372371495 0.627628505
902 0.000000000 0.546280742 0.453719288
903 0.000000000 0.473491400 0.526508570
904 0.000000000 0.806310236 0.193689764
905 0.000000000 0.687487662 0.312512308
906 0.000000000 0.602743328 0.397256702
907 0.000000000 0.422592252 0.577407718
908 0.000000000 0.474569321 0.525430679
909 0.000000000 0.491777837 0.508222163
910 0.000000000 0.831174791 0.168825209
911 0.000000000 0.781914651 0.218085364
912 0.000000000 0.562082887 0.437917143
913 0.000000000 0.438708782 0.561291218
914 0.000000000 0.268115878 0.731884122
915 0.000000000 0.442630678 0.557369351
916 0.000000000 0.661624312 0.338375717
917 0.000000000 0.722487450 0.277512521
918 0.000000000 0.828653693 0.171346277
919 0.000000000 0.540324688 0.459675312
920 0.000000000 0.576897025 0.423102945
921 0.000000000 0.590625644 0.409374326
922 0.000000000 0.925687194 0.074312806
923 0.000000000 0.937466204 0.062533773
924 0.000000000 0.997401237 0.002598774
925 0.000000000 0.942939341 0.057060655
926 0.000000000 0.890188158 0.109811820
927 0.000000000 0.867184341 0.132815674
928 0.000000000 0.378107309 0.621892691
929 0.000000000 1.000000000 0.000000000
930 0.000000000 0.867213666 0.132786348
931 0.000000000 0.768727958 0.231272057
932 0.000000000 0.806894124 0.193105876
933 0.000000000 0.631706834 0.368293166
934 0.000000000 0.826508820 0.173491195
935 0.000000000 0.197090060 0.802909970
936 0.000000000 0.000000000 1.000000000
937 0.000000000 0.031432632 0.968567371
938 0.000000000 0.044400178 0.955599844
939 0.000000000 0.079562597 0.920437396
940 0.000000000 0.661842048 0.338157922
941 0.000000000 0.536979258 0.463020712
942 0.000000000 0.051973797 0.948026180
943 0.000000000 0.006783524 0.993216455
944 0.000000000 0.067021899 0.932978094
945 0.000000000 0.362849712 0.637150288
946 0.000000000 0.838492393 0.161507592
947 0.000000000 0.883063018 0.116937011
948 0.000000000 0.313298374 0.686701596
949 0.000000000 0.208806500 0.791193485
950 0.000000000 0.000000000 1.000000000
951 0.000000000 0.668397427 0.331602603
952 0.000000000 0.948103070 0.051896933
953 0.000000000 0.906498849 0.093501173
954 0.000000000 0.401715189 0.598284781
955 0.000000000 0.304003328 0.695996642
956 0.000000000 0.306606561 0.693393469
957 0.000000000 0.000000000 1.000000000
958 0.000000000 0.956352353 0.043647636
959 0.000000000 1.000000000 0.000000000
960 0.000000000 0.925309539 0.074690446
961 0.000000000 0.726868987 0.273131013
962 0.000000000 0.870746136 0.129253849
963 0.000000000 0.924700141 0.075299866
964 0.000000000 0.069099441 0.930900574
965 0.000000000 1.000000000 0.000000000
966 0.000000000 0.069745935 0.930254042
967 0.000000000 0.090416811 0.909583211
968 0.000000000 0.050768025 0.949231982
969 0.000000000 0.224111378 0.775888622
970 0.000000000 0.860112965 0.139887050
971 0.000000000 0.059033502 0.940966487
972 0.115840875 0.149675101 0.734484017
973 0.884824157 0.023500845 0.091675028
974 0.836506009 0.086205848 0.077288173
975 1.000000000 0.000000000 0.000000000
976 0.991631746 0.000000000 0.008368240
977 0.903620780 0.010795048 0.085584171
978 0.982590020 0.000000000 0.017409977
979 0.004655874 0.101202920 0.894141197
980 0.585906863 0.044656232 0.369436920
981 0.895680904 0.042895667 0.061423410
982 0.976324916 0.000000000 0.023675112
983 0.931861103 0.020015953 0.048122969
984 0.988170981 0.011828993 0.000000000
985 0.888218760 0.024166828 0.087614439
986 0.000000000 0.141676724 0.858323276
987 0.931729794 0.052228849 0.016041370
988 0.949136496 0.050863523 0.000000000
989 0.949677050 0.001384211 0.048938721
990 0.834084570 0.070765898 0.095149562
991 0.652550399 0.031221431 0.316228181
992 0.684480071 0.095152244 0.220367670
993 0.111750595 0.060554143 0.827695251
994 0.990086734 0.009913282 0.000000000
995 0.900018036 0.047048222 0.052933715
996 0.516428828 0.475532055 0.008039106
997 0.622893214 0.377106786 0.000000000
998 0.502063990 0.497935981 0.000000000
999 0.719330072 0.280669928 0.000000000
1000 0.027034270 0.138098091 0.834867656
1001 0.357120454 0.639471173 0.003408368
1002 0.000000000 0.715398967 0.284601003
1003 0.003305907 0.611081958 0.385612160
1004 0.000000000 0.589114547 0.410885483
1005 0.017705886 0.916192949 0.066101171
1006 0.175649673 0.801667869 0.022682479
1007 0.047638047 0.068861149 0.883500814
1008 0.097023211 0.030431841 0.872544944
1009 0.897479296 0.000000000 0.102520719
1010 1.000000000 0.000000000 0.000000000
1011 1.000000000 0.000000000 0.000000000
1012 1.000000000 0.000000000 0.000000000
1013 1.000000000 0.000000000 0.000000000
1014 1.000000000 0.000000000 0.000000000
1015 0.052191254 0.065500677 0.882308066
1016 1.000000000 0.000000000 0.000000000
1017 0.942212939 0.057787053 0.000000000
1018 0.999462485 0.000000000 0.000537538
1019 1.000000000 0.000000000 0.000000000
1020 1.000000000 0.000000000 0.000000000
1021 0.911695361 0.088304617 0.000000000
1022 0.001455046 0.200055793 0.798489153
1023 0.899662375 0.043902829 0.056434777
1024 0.824386299 0.120984510 0.054629214
1025 0.939562380 0.060437646 0.000000000
1026 0.976635337 0.023364643 0.000000000
1027 0.882771909 0.069607027 0.047621079
1028 0.971034050 0.028965956 0.000000000
1029 0.150354639 0.022407379 0.827237964
1030 0.718294084 0.260751963 0.020953950
1031 0.728003740 0.271996260 0.000000000
1032 0.631362915 0.368637055 0.000000000
1033 0.662854314 0.337145686 0.000000000
1034 0.632764995 0.367235005 0.000000000
1035 0.601193845 0.398806185 0.000000000
1036 0.001030251 0.000000000 0.998969734
1037 0.098596975 0.891450942 0.009952079
1038 0.000000000 0.861001968 0.138998017
1039 0.049867865 0.819489956 0.130642176
1040 0.000000000 0.844623983 0.155376017
1041 0.040468756 0.752348840 0.207182437
1042 0.000879892 0.999120116 0.000000000
1043 0.000000000 0.173165187 0.826834798
1044 0.112825774 0.887174249 0.000000000
1045 1.000000000 0.000000000 0.000000000
1046 0.860627711 0.139372304 0.000000000
1047 1.000000000 0.000000000 0.000000000
1048 1.000000000 0.000000000 0.000000000
1049 1.000000000 0.000000000 0.000000000
1050 1.000000000 0.000000000 0.000000000
1051 0.071608797 0.928391218 0.000000000
1052 1.000000000 0.000000000 0.000000000
1053 1.000000000 0.000000000 0.000000000
1054 1.000000000 0.000000000 0.000000000
1055 1.000000000 0.000000000 0.000000000
1056 0.975651681 0.024348322 0.000000000
1057 0.930107415 0.069892578 0.000000000
1058 0.000000000 1.000000000 0.000000000
1059 0.932318091 0.067681909 0.000000000
1060 0.972577035 0.027422991 0.000000000
1061 0.966510355 0.033489648 0.000000000
1062 0.964031100 0.035968896 0.000000000
1063 0.938446999 0.061552990 0.000000000
1064 0.997699916 0.002300096 0.000000000
1065 0.202166393 0.797833622 0.000000000
1066 1.000000000 0.000000000 0.000000000
1067 1.000000000 0.000000000 0.000000000
1068 0.937885106 0.062114887 0.000000000
1069 0.891492605 0.108507395 0.000000000
1070 0.812124908 0.187875092 0.000000000
1071 0.987991691 0.012008290 0.000000000
1072 0.068492524 0.931507468 0.000000000
1073 0.662793994 0.337206036 0.000000000
1074 0.000000000 1.000000000 0.000000000
1075 0.023335997 0.976664007 0.000000000
1076 0.048311576 0.951688409 0.000000000
1077 0.073876321 0.926123679 0.000000000
1078 0.724743366 0.275256634 0.000000000
1079 0.000000000 1.000000000 0.000000000
1080 0.021700598 0.978299379 0.000000000
1081 0.988717020 0.011282990 0.000000000
1082 0.971562624 0.028437402 0.000000000
1083 0.995457411 0.004542609 0.000000000
1084 1.000000000 0.000000000 0.000000000
1085 1.000000000 0.000000000 0.000000000
1086 1.000000000 0.000000000 0.000000000
1087 0.006330352 0.993669629 0.000000000
1088 0.941321135 0.058678888 0.000000000
1089 0.995582163 0.004417839 0.000000000
1090 0.925623834 0.074376181 0.000000000
1091 0.939068198 0.060931802 0.000000000
1092 1.000000000 0.000000000 0.000000000
1093 0.964222968 0.035777055 0.000000000
1094 0.000000000 1.000000000 0.000000000
1095 0.893409193 0.106590800 0.000000000
1096 0.924392641 0.075607367 0.000000000
1097 0.915230513 0.084769458 0.000000000
1098 0.909502327 0.090497650 0.000000000
1099 0.906325400 0.093674608 0.000000000
1100 1.000000000 0.000000000 0.000000000
1101 0.025876852 0.974123120 0.000000000
1102 0.717071533 0.282928467 0.000000000
1103 0.671773672 0.328226298 0.000000000
1104 0.858824015 0.141175970 0.000000000
1105 0.972365022 0.027634954 0.000000000
1106 0.948716044 0.051283959 0.000000000
1107 0.902164102 0.097835898 0.000000000
1108 0.006854804 0.993145168 0.000000000
1109 0.422189981 0.577809989 0.000000000
1110 0.004779009 0.995221019 0.000000000
1111 0.005455527 0.994544446 0.000000000
1112 0.000000000 1.000000000 0.000000000
1113 0.026659120 0.973340869 0.000000000
1114 0.315930843 0.684069157 0.000000000
1115 0.000000000 1.000000000 0.000000000
