0 0.000000000 0.742181718 0.257818282
1 0.000000000 0.775530219 0.224469781
2 0.000000000 0.997418940 0.002581088
3 0.000000000 0.913226902 0.086773068
4 0.000000000 0.747438788 0.252561241
5 0.000000000 0.358538419 0.641461551
6 0.000000000 0.384648532 0.615351498
7 0.000000000 0.616688609 0.383311391
8 0.000000000 0.943757176 0.056242831
9 0.000000000 0.972214520 0.027785476
10 0.000000000 0.490981519 0.509018481
11 0.000000000 0.011743501 0.988256514
12 0.985923529 0.000035145 0.014041345
13 0.805792332 0.165197179 0.029010475
14 0.620958090 0.347452223 0.031589702
15 0.536533892 0.367127001 0.096339084
16 0.005729992 0.662375093 0.331894875
17 0.000000000 0.542115271 0.457884729
18 0.998480320 0.001329161 0.000190530
19 0.934598863 0.062926039 0.002475101
20 0.788304746 0.167716697 0.043978576
21 0.461789399 0.490254223 0.047956374
22 0.044511762 0.753290117 0.202198133
23 0.000000000 0.218315527 0.781684458
24 0.861655533 0.138344496 0.000000000
25 0.921270967 0.078729011 0.000000000
26 0.642857134 0.357142866 0.000000000
27 0.486096054 0.513903916 0.000000000
28 0.000116442 0.999883533 0.000000000
29 0.000000000 1.000000000 0.000000000
30 0.961125612 0.038874384 0.000000000
31 0.619237542 0.380762458 0.000000000
32 0.101858646 0.898141384 0.000000000
33 0.041494954 0.958505034 0.000000000
34 0.007178771 0.992821217 0.000000000
35 0.000271362 0.999728620 0.000000000
36 0.000000000 0.012764814 0.987235188
37 0.000000000 0.469972849 0.530027151
38 0.000000000 0.457641304 0.542358696
39 0.000000000 0.850363731 0.149636269
40 0.000000000 0.522334099 0.477665871
41 0.000000000 0.776750982 0.223249018
42 0.000000000 0.404184014 0.595815957
43 0.000000000 0.051929541 0.948070467
44 0.000000000 0.902779818 0.097220168
45 0.000000000 0.964408815 0.035591200
46 0.000000000 0.923520863 0.076479107
47 0.000000000 0.718885660 0.281114340
48 0.000000000 0.996836483 0.003163495
49 0.000000000 0.993902147 0.006097845
50 0.000000000 0.002803631 0.997196376
51 0.000000000 0.987183690 0.012816300
52 0.000000000 0.993486643 0.006513354
53 0.000000000 0.999668419 0.000331565
54 0.000000000 0.996594906 0.003405085
55 0.000000000 0.921329558 0.078670472
56 0.000000000 0.992528200 0.007471814
57 0.000000000 0.635749519 0.364250481
58 0.000000000 0.977417290 0.022582684
59 0.000000000 0.993149817 0.006850177
60 0.000000000 0.780377507 0.219622523
61 0.000000000 0.936416328 0.063583665
62 0.000000000 0.997275889 0.002724128
63 0.000000000 0.999486506 0.000513498
64 0.000000000 0.143103376 0.856896639
65 0.000000000 0.252242476 0.747757554
66 0.000000000 0.343528301 0.656471670
67 0.000000000 0.164316103 0.835683882
68 0.000000000 0.456398636 0.543601334
69 0.000000000 0.788418055 0.211581945
70 0.000000000 0.045436841 0.954563141
71 0.000000000 0.852181911 0.147818074
72 0.000000000 0.000834725 0.999165297
73 0.000000000 0.436571062 0.563428938
74 0.000000000 0.160861224 0.839138806
75 0.000000000 0.396781206 0.603218794
76 0.000000000 0.360697359 0.639302611
77 0.000000000 0.228053644 0.771946371
78 0.000000000 0.629361212 0.370638788
79 0.000000000 0.002195390 0.997804582
80 0.000000000 0.998466253 0.001533742
81 0.000000000 0.868453383 0.131546602
82 0.000000000 0.994623661 0.005376344
83 0.000000000 0.946979880 0.053020108
84 0.000000000 0.997582018 0.002417962
85 0.000000000 0.987016022 0.012983985
86 0.000000000 0.000692521 0.999307454
87 0.000000000 0.995726943 0.004273042
88 0.000000000 1.000000000 0.000000000
89 0.000000000 0.999822736 0.000177242
90 0.000000000 0.999164164 0.000835841
91 0.000000000 1.000000000 0.000000000
92 0.000000000 1.000000000 0.000000000
93 0.000000000 0.000000000 1.000000000
94 0.000000000 0.796561837 0.203438163
95 0.000000000 0.870475590 0.129524380
96 0.000000000 0.508961558 0.491038471
97 0.000000000 0.810218871 0.189781129
98 0.000000000 0.954830647 0.045169380
99 0.000000000 0.982702732 0.017297242
100 0.000000000 0.001963351 0.998036623
101 0.000000000 0.026671175 0.973328829
102 0.000000000 0.081395350 0.918604672
103 0.000000000 0.013513514 0.986486495
104 0.000000000 0.044117648 0.955882370
105 0.000000000 0.053571429 0.946428597
106 0.000000000 0.945945919 0.054054055
107 0.000000000 0.035714287 0.964285731
108 0.002782415 0.003825821 0.993391752
109 0.996078432 0.001960784 0.001960784
110 1.000000000 0.000000000 0.000000000
111 0.998849571 0.000575209 0.000575209
112 0.998880506 0.000559754 0.000559754
113 0.986290336 0.004032258 0.009677419
114 0.994925797 0.001515917 0.003558289
115 0.001097695 0.002744237 0.996158063
116 0.839302063 0.155872658 0.004825292
117 0.995977759 0.000000000 0.004022251
118 0.991665125 0.005467496 0.002867383
119 0.998592794 0.000703606 0.000703606
120 0.767350793 0.207065433 0.025583757
121 0.827682197 0.062466290 0.109851524
122 0.000000000 0.002250693 0.997749329
123 0.853078008 0.144230023 0.002691963
124 0.993326783 0.004702894 0.001970329
125 0.790950239 0.206063345 0.002986400
126 0.957844675 0.037881404 0.004273939
127 0.834986567 0.147620499 0.017392922
128 0.814859271 0.185140744 0.000000000
129 0.000220022 0.000220022 0.999559939
130 0.342575014 0.634735882 0.022689108
131 0.646560252 0.341868013 0.011571761
132 0.122451663 0.864469290 0.013079044
133 0.280459702 0.695031047 0.024509287
134 0.514904439 0.450792074 0.034303494
135 0.504489362 0.390374780 0.105135836
136 0.000872600 0.000872600 0.998254776
137 0.000000000 0.622403324 0.377596647
138 0.007751938 0.007751938 0.984496117
139 0.009009009 0.954954982 0.036036037
140 0.029411765 0.828670025 0.141918197
141 0.047619049 0.047619049 0.904761910
142 0.036036037 0.036036037 0.927927911
143 0.023809524 0.023809524 0.952380955
144 0.000000000 0.000000000 1.000000000
145 1.000000000 0.000000000 0.000000000
146 0.999339938 0.000330033 0.000330033
147 0.999647617 0.000176180 0.000176180
148 0.994975209 0.002169786 0.002854981
149 0.997962832 0.000000000 0.002037142
150 0.999303401 0.000348311 0.000348311
151 0.005291005 0.005291005 0.989417970
152 0.906645596 0.093354434 0.000000000
153 0.988357008 0.000000000 0.011642989
154 0.986410856 0.013013430 0.000575705
155 0.995572150 0.004427826 0.000000000
156 0.943616271 0.056271542 0.000112158
157 0.990614116 0.005177374 0.004208482
158 0.000000000 0.000000000 1.000000000
159 0.727129817 0.272287816 0.000582363
160 0.944566131 0.048263907 0.007169959
161 0.844737351 0.125314042 0.029948588
162 0.801662683 0.161294520 0.037042830
163 0.906714618 0.093097292 0.000188071
164 0.976447642 0.023216274 0.000336110
165 0.000000000 0.000000000 1.000000000
166 0.163717493 0.833711088 0.002571401
167 0.647435009 0.352564991 0.000000000
168 0.124638774 0.872987807 0.002373418
169 0.086072184 0.913477778 0.000450045
170 0.244707435 0.753829598 0.001462988
171 0.700269878 0.281896323 0.017833788
172 0.001960784 0.010049020 0.987990201
173 0.000000000 0.000218150 0.999781847
174 0.000863558 0.502155662 0.496980757
175 0.007619048 0.875253379 0.117127545
176 0.000900458 0.994515419 0.004584152
177 0.048586883 0.951413095 0.000000000
178 0.005952381 0.023809524 0.970238090
179 0.000000000 0.000000000 1.000000000
180 0.000000000 1.000000000 0.000000000
181 0.999171495 0.000828500 0.000000000
182 1.000000000 0.000000000 0.000000000
183 1.000000000 0.000000000 0.000000000
184 1.000000000 0.000000000 0.000000000
185 1.000000000 0.000000000 0.000000000
186 0.999656856 0.000343171 0.000000000
187 0.000000000 1.000000000 0.000000000
188 0.995726466 0.004273504 0.000000000
189 1.000000000 0.000000000 0.000000000
190 0.992146611 0.007853403 0.000000000
191 0.990356088 0.009643917 0.000000000
192 0.949999988 0.050000001 0.000000000
193 1.000000000 0.000000000 0.000000000
194 0.000326371 0.999673605 0.000000000
195 0.000000000 1.000000000 0.000000000
196 0.029411765 0.970588207 0.000000000
197 0.500000000 0.500000000 0.000000000
198 0.000000000 1.000000000 0.000000000
199 0.883886278 0.116113745 0.000000000
200 0.000000000 1.000000000 0.000000000
201 0.000000000 1.000000000 0.000000000
202 0.000000000 1.000000000 0.000000000
203 0.733333349 0.266666681 0.000000000
204 0.799145460 0.200854555 0.000000000
205 0.618106604 0.381893396 0.000000000
206 0.150000006 0.850000024 0.000000000
207 0.500000000 0.500000000 0.000000000
208 0.000000000 1.000000000 0.000000000
209 0.000000000 1.000000000 0.000000000
210 0.027272727 0.972727299 0.000000000
211 0.331727862 0.668272138 0.000000000
212 1.000000000 0.000000000 0.000000000
213 0.360995859 0.639004171 0.000000000
214 0.525554478 0.474445522 0.000000000
215 0.018292682 0.981707335 0.000000000
216 0.000000000 1.000000000 0.000000000
217 1.000000000 0.000000000 0.000000000
218 1.000000000 0.000000000 0.000000000
219 1.000000000 0.000000000 0.000000000
220 1.000000000 0.000000000 0.000000000
221 0.999479711 0.000520291 0.000000000
222 0.995912790 0.004087193 0.000000000
223 0.001648352 0.998351634 0.000000000
224 0.500000000 0.500000000 0.000000000
225 0.991769552 0.008230452 0.000000000
226 0.500000000 0.500000000 0.000000000
227 0.975247502 0.024752475 0.000000000
228 0.500000000 0.500000000 0.000000000
229 0.900102019 0.099897996 0.000000000
230 0.000000000 1.000000000 0.000000000
231 0.045454547 0.954545438 0.000000000
232 0.500000000 0.500000000 0.000000000
233 0.500000000 0.500000000 0.000000000
234 0.500000000 0.500000000 0.000000000
235 0.500000000 0.500000000 0.000000000
236 0.500000000 0.500000000 0.000000000
237 0.000000000 1.000000000 0.000000000
238 0.409173697 0.590826273 0.000000000
239 0.747409344 0.252590686 0.000000000
240 0.143095821 0.856904209 0.000000000
241 0.878228784 0.121771216 0.000000000
242 0.007575758 0.992424250 0.000000000
243 0.076923080 0.923076928 0.000000000
244 0.001310616 0.998689413 0.000000000
245 0.044264566 0.955735445 0.000000000
246 0.026315790 0.973684192 0.000000000
247 0.040540539 0.959459484 0.000000000
248 0.030303031 0.969696999 0.000000000
249 0.037037037 0.962962985 0.000000000
250 0.500000000 0.500000000 0.000000000
251 0.035714287 0.964285731 0.000000000
252 0.000000000 0.712730825 0.287269175
253 0.000000000 0.259213895 0.740786135
254 0.000000000 0.710243821 0.289756179
255 0.000000000 0.752363801 0.247636214
256 0.000000000 0.740713775 0.259286225
257 0.000000000 0.670162141 0.329837859
258 0.000000000 0.023932271 0.976067722
259 0.000000000 0.725514889 0.274485111
260 0.000000000 0.584317923 0.415682107
261 0.000000000 0.530645907 0.469354093
262 0.000000000 0.997835517 0.002164502
263 0.000000000 0.818293869 0.181706131
264 0.000000000 0.867869198 0.132130831
265 0.000000000 1.000000000 0.000000000
266 0.000000000 0.266666681 0.733333349
267 0.000000000 0.777777791 0.222222224
268 0.000000000 0.928571403 0.071428575
269 0.000000000 1.000000000 0.000000000
270 0.000000000 0.348772228 0.651227772
271 0.000000000 0.438154042 0.561845958
272 0.000000000 0.885588884 0.114411116
273 0.000000000 0.546466470 0.453533560
274 0.000000000 0.957030773 0.042969238
275 0.000000000 0.927604854 0.072395138
276 0.000000000 0.932924449 0.067075580
277 0.000000000 0.978940189 0.021059783
278 0.000000000 0.986872077 0.013127933
279 0.000000000 1.000000000 0.000000000
280 0.000000000 0.216180593 0.783819437
281 0.000000000 0.687232852 0.312767148
282 0.000000000 0.074221365 0.925778627
283 0.000000000 0.080576211 0.919423759
284 0.000000000 0.122243531 0.877756476
285 0.000000000 0.329288304 0.670711696
286 0.000000000 0.881160259 0.118839741
287 0.000000000 0.029460734 0.970539272
288 0.000000000 0.500000000 0.500000000
289 0.000000000 0.500000000 0.500000000
290 0.000000000 0.500000000 0.500000000
291 0.000000000 0.500000000 0.500000000
292 0.000000000 0.500000000 0.500000000
293 0.000000000 0.500000000 0.500000000
294 0.000000000 0.481340468 0.518659532
295 0.000000000 0.004081632 0.995918393
296 0.000000000 0.028320312 0.971679688
297 0.000000000 0.322693259 0.677306771
298 0.000000000 0.411670566 0.588329434
299 0.000000000 0.029045703 0.970954299
300 0.000000000 0.619688690 0.380311280
301 0.000000000 0.436751127 0.563248873
302 0.000000000 0.001879699 0.998120308
303 0.000000000 0.562704206 0.437295824
304 0.000000000 0.910243988 0.089756005
305 0.000000000 0.830388963 0.169611037
306 0.000000000 0.947544515 0.052455474
307 0.000000000 0.816073895 0.183926091
308 0.000000000 0.739157498 0.260842502
309 0.000000000 0.000000000 1.000000000
310 0.000000000 0.980746031 0.019253975
311 0.000000000 0.955751419 0.044248559
312 0.000000000 0.969528198 0.030471820
313 0.000000000 0.995780468 0.004219519
314 0.000000000 0.879359126 0.120640889
315 0.000000000 0.954940259 0.045059741
316 0.000000000 0.000931966 0.999068022
317 0.000000000 0.735384166 0.264615804
318 0.000000000 0.076512352 0.923487663
319 0.000000000 0.017062563 0.982937455
320 0.000000000 0.002390500 0.997609496
321 0.000000000 0.057534833 0.942465186
322 0.000000000 0.503688931 0.496311098
323 0.000000000 0.000000000 1.000000000
324 0.333333343 0.333333343 0.333333343
325 0.333333343 0.333333343 0.333333343
326 0.333333343 0.333333343 0.333333343
327 0.333333343 0.333333343 0.333333343
328 0.333333343 0.333333343 0.333333343
329 0.333333343 0.333333343 0.333333343
330 0.997175157 0.001412429 0.001412429
331 0.000000000 0.002040816 0.997959197
332 0.910467327 0.070303619 0.019229075
333 0.962324917 0.037675072 0.000000000
334 0.757630825 0.236223117 0.006146053
335 0.960880160 0.003798203 0.035321660
336 0.996834457 0.001582779 0.001582779
337 0.982393861 0.002033677 0.015572452
338 0.000626566 0.000626566 0.998746872
339 0.994103968 0.004894054 0.001002004
340 0.451480359 0.329348862 0.219170764
341 0.609996676 0.390003294 0.000000000
342 0.672311485 0.289563119 0.038125392
343 0.927426696 0.052478768 0.020094562
344 0.836296201 0.150908560 0.012795216
345 0.000000000 0.032663316 0.967336655
346 0.823097825 0.127844274 0.049057871
347 0.828054368 0.136167228 0.035778381
348 0.508468688 0.486432195 0.005099114
349 0.209696576 0.786607027 0.003696402
350 0.496989369 0.498901725 0.004108911
351 0.434269756 0.552643836 0.013086374
352 0.000000000 0.000000000 1.000000000
353 0.098686032 0.815829277 0.085484698
354 0.000000000 0.878800213 0.121199764
355 0.000000000 0.904894650 0.095105328
356 0.000205634 0.000822538 0.998971820
357 0.012057505 0.414889127 0.573053360
358 0.000193349 0.923167765 0.076638900
359 0.000000000 0.025400739 0.974599242
360 0.001203369 0.001203369 0.997593284
361 0.993798435 0.003100775 0.003100775
362 0.998803139 0.000598444 0.000598444
363 0.969982028 0.007779772 0.022238184
364 0.928478658 0.000000000 0.071521342
365 0.998765409 0.000617284 0.000617284
366 0.754385948 0.017543860 0.228070170
367 0.002564103 0.002564103 0.994871795
368 0.987006068 0.000000000 0.012993948
369 0.996254683 0.001872659 0.001872659
370 0.999035239 0.000482393 0.000482393
371 0.992809892 0.001818182 0.005371901
372 0.095238097 0.095238097 0.809523821
373 0.600000024 0.000000000 0.400000006
374 0.166666672 0.166666672 0.666666687
375 1.000000000 0.000000000 0.000000000
376 1.000000000 0.000000000 0.000000000
377 0.541673541 0.158326447 0.300000012
378 0.712643683 0.201465204 0.085891120
379 0.865546227 0.067226894 0.067226894
380 0.853022575 0.068993904 0.077983536
381 0.000000000 0.056338027 0.943661988
382 0.983044863 0.008226820 0.008728326
383 0.855026841 0.082695581 0.062277582
384 0.523919702 0.431201130 0.044879183
385 0.547460139 0.417197764 0.035342086
386 0.512776494 0.487223536 0.000000000
387 0.835999489 0.157939896 0.006060606
388 0.000000000 0.000000000 1.000000000
389 0.003126954 0.719824910 0.277048141
390 0.002347418 0.004107981 0.993544579
391 0.047930282 0.669560313 0.282509416
392 0.000000000 0.659751058 0.340248972
393 0.013225174 0.916789770 0.069985032
394 0.316941082 0.678938866 0.004120070
395 0.154761910 0.154761910 0.690476179
396 0.000000000 1.000000000 0.000000000
397 0.999169409 0.000830565 0.000000000
398 0.988789260 0.011210762 0.000000000
399 1.000000000 0.000000000 0.000000000
400 0.995535731 0.004464286 0.000000000
401 0.998127341 0.001872659 0.000000000
402 1.000000000 0.000000000 0.000000000
403 0.000000000 1.000000000 0.000000000
404 1.000000000 0.000000000 0.000000000
405 0.998427689 0.001572327 0.000000000
406 0.500000000 0.500000000 0.000000000
407 1.000000000 0.000000000 0.000000000
408 0.500000000 0.500000000 0.000000000
409 0.500000000 0.500000000 0.000000000
410 0.166666672 0.833333313 0.000000000
411 0.500000000 0.500000000 0.000000000
412 0.500000000 0.500000000 0.000000000
413 0.500000000 0.500000000 0.000000000
414 0.911272764 0.088727236 0.000000000
415 0.883802831 0.116197184 0.000000000
416 0.921875000 0.078125000 0.000000000
417 0.000000000 1.000000000 0.000000000
418 0.136363640 0.863636374 0.000000000
419 0.833333313 0.166666672 0.000000000
420 1.000000000 0.000000000 0.000000000
421 0.093750000 0.906250000 0.000000000
422 0.150220409 0.849779606 0.000000000
423 0.500000000 0.500000000 0.000000000
424 0.000000000 1.000000000 0.000000000
425 0.008196721 0.991803288 0.000000000
426 0.000000000 1.000000000 0.000000000
427 0.000000000 1.000000000 0.000000000
428 0.000000000 1.000000000 0.000000000
429 0.060352873 0.939647138 0.000000000
430 0.517391324 0.482608706 0.000000000
431 0.007543103 0.992456913 0.000000000
432 0.500000000 0.500000000 0.000000000
433 0.500000000 0.500000000 0.000000000
434 0.500000000 0.500000000 0.000000000
435 0.500000000 0.500000000 0.000000000
436 0.500000000 0.500000000 0.000000000
437 0.500000000 0.500000000 0.000000000
438 0.997942388 0.002057613 0.000000000
439 0.002049180 0.997950792 0.000000000
440 0.998993993 0.001006036 0.000000000
441 0.846032560 0.153967410 0.000000000
442 0.569444418 0.430555552 0.000000000
443 0.998989880 0.001010101 0.000000000
444 0.896725416 0.103274561 0.000000000
445 0.965269983 0.034730013 0.000000000
446 0.000000000 1.000000000 0.000000000
447 0.511852503 0.488147497 0.000000000
448 0.994252861 0.005747126 0.000000000
449 1.000000000 0.000000000 0.000000000
450 0.974576294 0.025423728 0.000000000
451 1.000000000 0.000000000 0.000000000
452 0.768601179 0.231398806 0.000000000
453 0.000000000 1.000000000 0.000000000
454 0.976190448 0.023809524 0.000000000
455 0.000000000 1.000000000 0.000000000
456 0.000000000 1.000000000 0.000000000
457 0.000000000 1.000000000 0.000000000
458 0.856506228 0.143493757 0.000000000
459 1.000000000 0.000000000 0.000000000
460 0.006996269 0.993003726 0.000000000
461 0.000000000 1.000000000 0.000000000
462 0.018235253 0.981764734 0.000000000
463 0.238460556 0.761539459 0.000000000
464 0.000309023 0.999690950 0.000000000
465 0.000320308 0.999679685 0.000000000
466 0.782664835 0.217335179 0.000000000
467 0.009247842 0.990752161 0.000000000
468 0.000000000 1.000000000 0.000000000
469 0.000000000 0.250000000 0.750000000
470 0.000000000 0.342105269 0.657894731
471 0.000000000 1.000000000 0.000000000
472 0.000000000 0.333333343 0.666666687
473 0.000000000 0.750000000 0.250000000
474 0.000000000 1.000000000 0.000000000
475 0.000000000 1.000000000 0.000000000
476 0.000000000 1.000000000 0.000000000
477 0.000000000 0.477124184 0.522875845
478 0.000000000 0.656517148 0.343482852
479 0.000000000 0.987012982 0.012987013
480 0.000000000 0.977286816 0.022713209
481 0.000000000 0.998800397 0.001199626
482 0.000000000 0.982011616 0.017988382
483 0.000000000 0.932637572 0.067362435
484 0.000000000 0.978120923 0.021879097
485 0.000000000 0.979292989 0.020706998
486 0.000000000 0.994418740 0.005581279
487 0.000000000 0.953317821 0.046682198
488 0.000000000 0.994402945 0.005597073
489 0.000000000 0.869719744 0.130280226
490 0.000000000 0.968608081 0.031391896
491 0.000000000 0.950758994 0.049240980
492 0.000000000 0.993239462 0.006760517
493 0.000000000 0.998408377 0.001591615
494 0.000000000 0.997125030 0.002874949
495 0.000000000 0.954467595 0.045532428
496 0.000000000 0.737192750 0.262807280
497 0.000000000 0.992985547 0.007014479
498 0.000000000 0.980392158 0.019607844
499 0.000000000 0.793251753 0.206748262
500 0.000000000 0.948051929 0.051948052
501 0.000000000 0.350275457 0.649724543
502 0.000000000 0.944560528 0.055439446
503 0.000000000 0.763020098 0.236979902
504 0.000000000 0.043783784 0.956216216
505 0.000000000 0.082859270 0.917140722
506 0.000000000 0.624344349 0.375655681
507 0.000000000 0.671792984 0.328206986
508 0.000000000 0.654292226 0.345707744
509 0.000000000 0.774099052 0.225900948
510 0.000000000 0.022522541 0.977477431
511 0.000000000 0.000000000 1.000000000
512 0.000000000 0.734153688 0.265846312
513 0.000000000 0.516200185 0.483799785
514 0.000000000 0.957487226 0.042512789
515 0.000000000 0.433117330 0.566882670
516 0.000000000 0.101265825 0.898734152
517 0.000000000 0.754407942 0.245592043
518 0.000000000 0.140449435 0.859550536
519 0.000000000 0.902374029 0.097625971
520 0.000000000 1.000000000 0.000000000
521 0.000000000 0.966681182 0.033318799
522 0.000000000 0.660622180 0.339377850
523 0.000000000 0.868975878 0.131024092
524 0.000000000 0.924603164 0.075396828
525 0.000000000 0.052631579 0.947368443
526 0.000000000 0.916666687 0.083333336
527 0.000000000 0.937984467 0.062015504
528 0.000000000 0.728886068 0.271113962
529 0.000000000 0.206168339 0.793831646
530 0.000000000 0.830941617 0.169058397
531 0.000000000 0.968846619 0.031153381
532 0.000000000 0.003817365 0.996182621
533 0.000000000 0.128751382 0.871248603
534 0.000000000 0.003959370 0.996040642
535 0.000000000 0.004240261 0.995759726
536 0.000000000 0.018722089 0.981277883
537 0.000000000 0.111443035 0.888556957
538 0.000000000 0.618083537 0.381916463
539 0.000000000 0.052041329 0.947958648
540 0.000000000 0.012324324 0.987675667
541 0.989433408 0.005777142 0.004789425
542 0.990738630 0.002888286 0.006373066
543 0.992232859 0.002181940 0.005585175
544 0.997284532 0.000172533 0.002542917
545 0.965169609 0.001380977 0.033449408
546 0.989406765 0.000000000 0.010593221
547 0.013060761 0.029244747 0.957694471
548 0.979776621 0.017260436 0.002962963
549 0.897732377 0.006225240 0.096042387
550 0.978538096 0.000215841 0.021246051
551 0.982713938 0.000000000 0.017286085
552 0.905063272 0.012658228 0.082278483
553 0.734310329 0.001821494 0.263868183
554 0.048689138 0.262172282 0.689138591
555 0.397928298 0.060712997 0.541358709
556 0.923809528 0.038095240 0.038095240
557 0.644807696 0.103076056 0.252116233
558 0.038961038 0.663095236 0.297943711
559 0.604839444 0.138030574 0.257129967
560 0.756230652 0.214007437 0.029761905
561 0.000000000 0.078947365 0.921052635
562 0.884259284 0.054852851 0.060887892
563 0.581818283 0.384073198 0.034108527
564 0.016814498 0.602227628 0.380957901
565 0.062452871 0.352593958 0.584953189
566 0.313616723 0.665520906 0.020862397
567 0.130304217 0.843321979 0.026373792
568 0.000000000 0.000000000 1.000000000
569 0.000212450 0.174759164 0.825028360
570 0.007960199 0.007960199 0.984079599
571 0.001210521 0.017321449 0.981468022
572 0.000114508 0.502519190 0.497366309
573 0.040368356 0.858916521 0.100715101
574 0.299520224 0.640075803 0.060403962
575 0.009184588 0.009184588 0.981630802
576 0.000000000 0.200000003 0.800000012
577 0.333333343 0.333333343 0.333333343
578 0.333333343 0.578947365 0.087719299
579 0.000000000 0.000000000 1.000000000
580 0.000000000 0.000000000 1.000000000
581 0.111111112 0.111111112 0.777777791
582 0.993333340 0.000000000 0.006666667
583 0.000000000 0.000000000 1.000000000
584 1.000000000 0.000000000 0.000000000
585 1.000000000 0.000000000 0.000000000
586 1.000000000 0.000000000 0.000000000
587 1.000000000 0.000000000 0.000000000
588 0.979043901 0.002619515 0.018336607
589 0.974509776 0.010265282 0.015224913
590 0.000000000 0.000000000 1.000000000
591 0.896254122 0.077535421 0.026210485
592 0.681971073 0.289162934 0.028865980
593 0.882324815 0.101864882 0.015810277
594 0.914483964 0.081040509 0.004475525
595 0.794486046 0.179164037 0.026349923
596 0.620135128 0.369972676 0.009892211
597 0.000000000 0.000000000 1.000000000
598 0.507203877 0.447750509 0.045045629
599 0.756929457 0.240794376 0.002276176
600 0.293484777 0.705077171 0.001438036
601 0.168232039 0.831767976 0.000000000
602 0.277809083 0.720741391 0.001449503
603 0.358607262 0.575508654 0.065884069
604 0.000000000 0.000000000 1.000000000
605 0.000000000 0.986306131 0.013693847
606 0.000000000 0.388000011 0.611999989
607 0.000000000 0.353964239 0.646035731
608 0.004566210 0.004566210 0.990867555
609 0.000000000 0.000000000 1.000000000
610 0.004608295 0.988479257 0.006912442
611 0.000000000 0.000000000 1.000000000
612 0.500000000 0.500000000 0.000000000
613 0.750000000 0.250000000 0.000000000
614 1.000000000 0.000000000 0.000000000
615 0.500000000 0.500000000 0.000000000
616 0.500000000 0.500000000 0.000000000
617 0.500000000 0.500000000 0.000000000
618 0.500000000 0.500000000 0.000000000
619 0.500000000 0.500000000 0.000000000
620 0.500000000 0.500000000 0.000000000
621 0.987500012 0.012500000 0.000000000
622 0.945454538 0.054545455 0.000000000
623 1.000000000 0.000000000 0.000000000
624 0.807692289 0.192307696 0.000000000
625 0.500000000 0.500000000 0.000000000
626 0.000000000 1.000000000 0.000000000
627 0.363923371 0.636076629 0.000000000
628 0.833333313 0.166666672 0.000000000
629 0.727272749 0.272727281 0.000000000
630 0.000000000 1.000000000 0.000000000
631 0.278236836 0.721763134 0.000000000
632 0.000000000 1.000000000 0.000000000
633 0.000000000 1.000000000 0.000000000
634 0.219512194 0.780487776 0.000000000
635 0.000000000 1.000000000 0.000000000
636 0.000000000 1.000000000 0.000000000
637 0.125000000 0.875000000 0.000000000
638 0.000000000 1.000000000 0.000000000
639 0.724358976 0.275641024 0.000000000
640 0.000000000 1.000000000 0.000000000
641 0.153846160 0.846153855 0.000000000
642 0.000000000 1.000000000 0.000000000
643 0.010638298 0.989361703 0.000000000
644 0.000000000 1.000000000 0.000000000
645 0.012048192 0.987951815 0.000000000
646 0.083333336 0.916666687 0.000000000
647 0.031250000 0.968750000 0.000000000
648 0.005102041 0.994897962 0.000000000
649 0.997638702 0.002361275 0.000000000
650 0.991549313 0.008450705 0.000000000
651 0.996946573 0.003053435 0.000000000
652 0.998552799 0.001447178 0.000000000
653 0.990846694 0.009153318 0.000000000
654 1.000000000 0.000000000 0.000000000
655 0.000000000 1.000000000 0.000000000
656 1.000000000 0.000000000 0.000000000
657 1.000000000 0.000000000 0.000000000
658 1.000000000 0.000000000 0.000000000
659 1.000000000 0.000000000 0.000000000
660 0.993007004 0.006993007 0.000000000
661 0.862745106 0.137254909 0.000000000
662 0.006493506 0.993506491 0.000000000
663 0.000000000 1.000000000 0.000000000
664 0.500000000 0.500000000 0.000000000
665 0.000000000 1.000000000 0.000000000
666 0.980769217 0.019230770 0.000000000
667 0.727272749 0.272727281 0.000000000
668 0.166666672 0.833333313 0.000000000
669 0.000000000 1.000000000 0.000000000
670 0.291666657 0.708333313 0.000000000
671 0.166666672 0.833333313 0.000000000
672 0.517477572 0.482522428 0.000000000
673 0.760671377 0.239328593 0.000000000
674 0.728682160 0.271317840 0.000000000
675 0.000000000 1.000000000 0.000000000
676 0.000000000 1.000000000 0.000000000
677 0.000000000 1.000000000 0.000000000
678 0.001665002 0.998335004 0.000000000
679 0.000165782 0.999834239 0.000000000
680 0.198930904 0.801069081 0.000000000
681 0.201734900 0.798265100 0.000000000
682 0.436028033 0.563971937 0.000000000
683 0.000354610 0.999645412 0.000000000
684 0.000000000 1.000000000 0.000000000
685 0.000000000 0.000000000 1.000000000
686 0.000000000 0.016485915 0.983514071
687 0.000000000 0.000000000 1.000000000
688 0.000000000 0.335440308 0.664559722
689 0.000000000 0.015957447 0.984042525
690 0.000000000 0.016666668 0.983333349
691 0.000000000 0.899000943 0.100999035
692 0.000000000 0.288135588 0.711864412
693 0.000000000 0.264105707 0.735894322
694 0.000000000 0.484000355 0.515999615
695 0.000000000 0.017857144 0.982142866
696 0.000000000 0.300000012 0.699999988
697 0.000000000 0.833333313 0.166666672
698 0.000000000 0.500000000 0.500000000
699 0.000000000 0.833333313 0.166666672
700 0.000000000 0.000000000 1.000000000
701 0.000000000 1.000000000 0.000000000
702 0.000000000 0.272270143 0.727729857
703 0.000000000 0.895607948 0.104392029
704 0.000000000 0.747162759 0.252837241
705 0.000000000 0.844941795 0.155058190
706 0.000000000 0.955645144 0.044354837
707 0.000000000 0.109022558 0.890977442
708 0.000000000 0.898612976 0.101387016
709 0.000000000 0.991972268 0.008027759
710 0.000000000 0.970165431 0.029834546
711 0.000000000 0.996823370 0.003176620
712 0.000000000 0.171166494 0.828833520
713 0.000000000 0.948046565 0.051953431
714 0.000000000 0.544878185 0.455121815
715 0.000000000 0.729656100 0.270343870
716 0.000000000 0.439923853 0.560076118
717 0.000000000 0.631385863 0.368614137
718 0.000000000 0.671307445 0.328692555
719 0.000000000 0.187679738 0.812320292
720 0.000000000 0.033333335 0.966666639
721 0.000000000 0.025000000 0.975000024
722 0.000000000 0.052631579 0.947368443
723 0.000000000 0.011111111 0.988888860
724 0.000000000 0.978723407 0.021276595
725 0.000000000 0.026315790 0.973684192
726 0.000000000 0.091619901 0.908380091
727 0.000000000 0.007246377 0.992753625
728 0.000000000 0.548192799 0.451807231
729 0.000000000 0.654176533 0.345823437
730 0.000000000 0.826237917 0.173762083
731 0.000000000 0.682941556 0.317058474
732 0.000000000 0.010752688 0.989247322
733 0.000000000 0.016666668 0.983333349
734 0.000000000 0.000000000 1.000000000
735 0.000000000 0.488649577 0.511350393
736 0.000000000 0.993881047 0.006118970
737 0.000000000 1.000000000 0.000000000
738 0.000000000 0.263096660 0.736903369
739 0.000000000 0.049645390 0.950354636
740 0.000000000 0.103678927 0.896321058
741 0.000000000 0.041139241 0.958860755
742 0.000000000 0.969604850 0.030395137
743 0.000000000 0.830065370 0.169934645
744 0.000000000 0.970476210 0.029523810
745 0.000000000 0.936257124 0.063742898
746 0.000000000 0.925889313 0.074110672
747 0.000000000 0.985704541 0.014295439
748 0.000000000 0.012321660 0.987678349
749 0.000000000 0.663148046 0.336851954
750 0.000000000 0.263116896 0.736883104
751 0.000000000 0.001397624 0.998602390
752 0.000000000 0.000727802 0.999272227
753 0.000000000 0.597710073 0.402289927
754 0.000000000 0.547484040 0.452515960
755 0.000000000 0.052670624 0.947329402
756 0.000000000 0.020833334 0.979166687
757 0.966666639 0.016666668 0.016666668
758 0.953216374 0.023391813 0.023391813
759 0.985185206 0.007407407 0.007407407
760 0.971631229 0.014184397 0.014184397
761 0.981203020 0.000000000 0.018796992
762 0.937547207 0.012048192 0.050404623
763 0.007246377 0.181159422 0.811594188
764 0.959839344 0.020080321 0.020080321
765 0.985347986 0.007326007 0.007326007
766 0.956521749 0.021739131 0.021739131
767 0.844882071 0.000000000 0.155117944
768 1.000000000 0.000000000 0.000000000
769 0.922267199 0.061066106 0.016666668
770 0.000000000 0.000000000 1.000000000
771 0.020325202 0.971544743 0.008130081
772 0.045454547 0.000000000 0.954545438
773 0.984877110 0.000000000 0.015122874
774 0.793692708 0.009339790 0.196967468
775 0.932624102 0.001108156 0.066267729
776 0.932803094 0.012541075 0.054655842
777 0.025316456 0.025316456 0.949367106
778 0.620421708 0.012074735 0.367503554
779 0.943355143 0.005446623 0.051198255
780 0.937074542 0.042412464 0.020512991
781 0.416645437 0.554520428 0.028834160
782 0.584587336 0.403221577 0.012191088
783 0.758983731 0.196932346 0.044083908
784 0.003891051 0.033073928 0.963035047
785 0.164857969 0.747809350 0.087332666
786 0.000240674 0.312515050 0.687244296
787 0.000465875 0.460983008 0.538551152
788 0.000000000 0.008941568 0.991058409
789 0.000478927 0.626897275 0.372623801
790 0.238976419 0.472054124 0.288969457
791 0.001483680 0.296735913 0.701780438
792 0.000000000 0.000000000 1.000000000
793 0.333333343 0.333333343 0.333333343
794 0.333333343 0.333333343 0.333333343
795 0.333333343 0.333333343 0.333333343
796 0.959595978 0.020202020 0.020202020
797 0.166666672 0.166666672 0.666666687
798 0.333333343 0.333333343 0.333333343
799 0.000000000 0.000000000 1.000000000
800 1.000000000 0.000000000 0.000000000
801 0.916666687 0.041666668 0.041666668
802 0.879999995 0.000000000 0.119999997
803 0.917408288 0.000000000 0.082591735
804 0.333333343 0.333333343 0.333333343
805 0.000000000 0.156250000 0.843750000
806 0.333333343 0.333333343 0.333333343
807 0.111111112 0.111111112 0.777777791
808 0.333333343 0.333333343 0.333333343
809 0.304347813 0.000000000 0.695652187
810 0.794117630 0.088235296 0.117647059
811 0.906666696 0.002666667 0.090666667
812 0.974358976 0.012820513 0.012820513
813 0.000000000 0.004528985 0.995471001
814 0.944444418 0.027777778 0.027777778
815 0.428571433 0.178571433 0.392857134
816 0.690078735 0.302341253 0.007580013
817 0.928560793 0.071439214 0.000000000
818 0.981180310 0.013443320 0.005376344
819 0.939453781 0.001272265 0.059273977
820 0.004830918 0.005753184 0.989415884
821 0.359604359 0.608254254 0.032141410
822 0.000000000 0.000000000 1.000000000
823 0.000930449 0.555814028 0.443255484
824 0.000000000 0.000000000 1.000000000
825 0.000269906 0.367408544 0.632321537
826 0.182326481 0.777753472 0.039920028
827 0.010638298 0.018949468 0.970412254
828 0.500000000 0.500000000 0.000000000
829 0.995762706 0.004237288 0.000000000
830 1.000000000 0.000000000 0.000000000
831 1.000000000 0.000000000 0.000000000
832 1.000000000 0.000000000 0.000000000
833 1.000000000 0.000000000 0.000000000
834 0.983333349 0.016666668 0.000000000
835 0.000000000 1.000000000 0.000000000
836 0.940476179 0.059523810 0.000000000
837 0.984848499 0.015151516 0.000000000
838 1.000000000 0.000000000 0.000000000
839 0.981818199 0.018181818 0.000000000
840 1.000000000 0.000000000 0.000000000
841 0.500000000 0.500000000 0.000000000
842 0.500000000 0.500000000 0.000000000
843 0.500000000 0.500000000 0.000000000
844 0.500000000 0.500000000 0.000000000
845 0.500000000 0.500000000 0.000000000
846 1.000000000 0.000000000 0.000000000
847 0.968750000 0.031250000 0.000000000
848 0.887096763 0.112903222 0.000000000
849 0.071428575 0.928571403 0.000000000
850 0.000000000 1.000000000 0.000000000
851 0.979413033 0.020586960 0.000000000
852 1.000000000 0.000000000 0.000000000
853 0.873015881 0.126984134 0.000000000
854 0.000000000 1.000000000 0.000000000
855 0.500000000 0.500000000 0.000000000
856 0.003134796 0.996865213 0.000000000
857 0.042857144 0.957142830 0.000000000
858 0.000561798 0.999438226 0.000000000
859 0.003683241 0.996316731 0.000000000
860 0.000000000 1.000000000 0.000000000
861 0.000000000 1.000000000 0.000000000
862 0.370892018 0.629107952 0.000000000
863 0.004854369 0.995145619 0.000000000
864 0.033333335 0.966666639 0.000000000
865 0.987179458 0.012820513 0.000000000
866 0.981481493 0.018518519 0.000000000
867 0.988888860 0.011111111 0.000000000
868 0.500000000 0.500000000 0.000000000
869 1.000000000 0.000000000 0.000000000
870 0.722972989 0.277027041 0.000000000
871 0.011111111 0.988888860 0.000000000
872 0.972972989 0.027027028 0.000000000
873 0.969696999 0.030303031 0.000000000
874 0.045454547 0.954545438 0.000000000
875 0.956521749 0.043478262 0.000000000
876 0.983870983 0.016129032 0.000000000
877 1.000000000 0.000000000 0.000000000
878 0.000000000 1.000000000 0.000000000
879 1.000000000 0.000000000 0.000000000
880 0.000000000 1.000000000 0.000000000
881 0.500000000 0.500000000 0.000000000
882 1.000000000 0.000000000 0.000000000
883 0.988847613 0.011152416 0.000000000
884 0.943167627 0.056832343 0.000000000
885 0.022875817 0.977124155 0.000000000
886 0.500000000 0.500000000 0.000000000
887 0.951923072 0.048076924 0.000000000
888 0.500000000 0.500000000 0.000000000
889 0.007352941 0.992647052 0.000000000
890 0.006756757 0.993243217 0.000000000
891 0.533333361 0.466666669 0.000000000
892 0.028656127 0.971343875 0.000000000
893 0.002923977 0.997076035 0.000000000
894 0.000000000 1.000000000 0.000000000
895 0.001048951 0.998951077 0.000000000
896 0.000727802 0.999272227 0.000000000
897 0.000891266 0.999108732 0.000000000
898 0.000000000 1.000000000 0.000000000
899 0.001574803 0.998425186 0.000000000
900 0.000000000 0.500000000 0.500000000
901 0.000000000 1.000000000 0.000000000
902 0.000000000 0.500000000 0.500000000
903 0.000000000 0.500000000 0.500000000
904 0.000000000 0.500000000 0.500000000
905 0.000000000 0.500000000 0.500000000
906 0.000000000 0.958333313 0.041666668
907 0.000000000 0.500000000 0.500000000
908 0.000000000 1.000000000 0.000000000
909 0.000000000 0.833333313 0.166666672
910 0.000000000 0.333333343 0.666666687
911 0.000000000 0.857142866 0.142857149
912 0.000000000 0.000000000 1.000000000
913 0.000000000 0.786250353 0.213749632
914 0.000000000 0.865444303 0.134555697
915 0.000000000 0.000000000 1.000000000
916 0.000000000 0.888348281 0.111651689
917 0.000000000 0.235714287 0.764285743
918 0.000000000 0.483218670 0.516781330
919 0.000000000 0.415743768 0.584256232
920 0.000000000 0.376200974 0.623799026
921 0.000000000 0.371607333 0.628392696
922 0.000000000 0.983392835 0.016607143
923 0.000000000 0.488374621 0.511625409
924 0.000000000 0.976601720 0.023398291
925 0.000000000 0.995735586 0.004264392
926 0.000000000 0.983495414 0.016504606
927 0.000000000 0.996268988 0.003731039
928 0.000000000 0.262963951 0.737036049
929 0.000000000 0.962493598 0.037506405
930 0.000000000 0.391578257 0.608421743
931 0.000000000 0.557444394 0.442555606
932 0.000000000 0.623151720 0.376848280
933 0.000000000 0.523948491 0.476051539
934 0.000000000 0.958644092 0.041355893
935 0.000000000 0.388761371 0.611238599
936 0.000000000 0.000000000 1.000000000
937 0.000000000 0.139183208 0.860816777
938 0.000000000 0.006410256 0.993589759
939 0.000000000 0.243476436 0.756523550
940 0.000000000 0.691855907 0.308144093
941 0.000000000 0.579502404 0.420497596
942 0.000000000 0.032166570 0.967833459
943 0.000000000 0.007812500 0.992187500
944 0.000000000 0.000000000 1.000000000
945 0.000000000 0.219682172 0.780317843
946 0.000000000 0.551338732 0.448661268
947 0.000000000 0.560050547 0.439949483
948 0.000000000 0.000000000 1.000000000
949 0.000000000 0.009974493 0.990025520
950 0.000000000 0.006329114 0.993670881
951 0.000000000 0.696666658 0.303333342
952 0.000000000 0.687460899 0.312539071
953 0.000000000 0.006535948 0.993464053
954 0.000000000 0.039999999 0.959999979
955 0.000000000 0.349397600 0.650602400
956 0.000000000 0.034059513 0.965940475
957 0.000000000 0.032608695 0.967391312
958 0.000000000 0.941860437 0.058139537
959 0.000000000 0.438271612 0.561728418
960 0.000000000 0.983700454 0.016299559
961 0.000000000 0.999680281 0.000319693
962 0.000000000 0.968603671 0.031396303
963 0.000000000 0.998708010 0.001291990
964 0.000000000 0.009532494 0.990467489
965 0.000000000 0.835274994 0.164725006
966 0.000000000 0.000435303 0.999564707
967 0.000000000 0.008156674 0.991843343
968 0.000000000 0.156131223 0.843868792
969 0.000000000 0.306861043 0.693138957
970 0.000000000 0.871957839 0.128042176
971 0.000000000 0.009823183 0.990176797
972 0.045045044 0.053490993 0.901463985
973 0.845410645 0.033816423 0.120772950
974 0.948717952 0.025641026 0.025641026
975 1.000000000 0.000000000 0.000000000
976 1.000000000 0.000000000 0.000000000
977 0.784615397 0.107692309 0.107692309
978 0.486624211 0.000000000 0.513375819
979 0.000000000 0.000000000 1.000000000
980 1.000000000 0.000000000 0.000000000
981 1.000000000 0.000000000 0.000000000
982 1.000000000 0.000000000 0.000000000
983 0.839371860 0.000000000 0.160628125
984 0.794096172 0.000000000 0.205903858
985 1.000000000 0.000000000 0.000000000
986 0.004219409 0.004219409 0.991561174
987 0.984126985 0.008888889 0.006984127
988 1.000000000 0.000000000 0.000000000
989 0.768305361 0.002178649 0.229515955
990 0.939145327 0.022222223 0.038632479
991 0.943775117 0.028112451 0.028112451
992 0.960784316 0.019607844 0.019607844
993 0.007246377 0.020833334 0.971920311
994 0.922480643 0.038759690 0.038759690
995 0.571672857 0.146959290 0.281367838
996 0.833644927 0.161239013 0.005116039
997 0.807231784 0.172036588 0.020731620
998 0.635740519 0.324695587 0.039563879
999 0.602633476 0.397151202 0.000215332
1000 0.007515473 0.008850776 0.983633757
1001 0.412988245 0.566046715 0.020965023
1002 0.000544129 0.000750032 0.998705864
1003 0.000662471 0.006148559 0.993188977
1004 0.001095410 0.145121589 0.853783011
1005 0.000225530 0.232654780 0.767119706
1006 0.213212341 0.656671762 0.130115926
1007 0.000218293 0.086955510 0.912826180
1008 0.333333343 0.333333343 0.333333343
1009 0.333333343 0.333333343 0.333333343
1010 0.333333343 0.333333343 0.333333343
1011 0.333333343 0.333333343 0.333333343
1012 0.333333343 0.333333343 0.333333343
1013 0.333333343 0.333333343 0.333333343
1014 0.277777791 0.027777778 0.694444418
1015 0.333333343 0.333333343 0.333333343
1016 0.000000000 0.355466008 0.644533992
1017 1.000000000 0.000000000 0.000000000
1018 0.333333343 0.333333343 0.333333343
1019 0.393365651 0.000000000 0.606634378
1020 0.333333343 0.333333343 0.333333343
1021 1.000000000 0.000000000 0.000000000
1022 0.000000000 0.000000000 1.000000000
1023 0.333333343 0.333333343 0.333333343
1024 0.992063463 0.000000000 0.007936508
1025 1.000000000 0.000000000 0.000000000
1026 0.987878799 0.006060606 0.006060606
1027 0.666574299 0.326299131 0.007126596
1028 0.754049897 0.236304551 0.009645553
1029 0.000000000 0.002651515 0.997348487
1030 0.741545916 0.161835745 0.096618354
1031 0.419023156 0.455683410 0.125293434
1032 0.987379968 0.004098145 0.008521894
1033 0.725664139 0.253048509 0.021287316
1034 0.916881263 0.079471782 0.003646973
1035 0.809147537 0.171744511 0.019107942
1036 0.000000000 0.000000000 1.000000000
1037 0.209884390 0.768828928 0.021286661
1038 0.000000000 0.481026471 0.518973529
1039 0.000697350 0.683826447 0.315476179
1040 0.001192606 0.487662643 0.511144757
1041 0.000750751 0.858708680 0.140540540
1042 0.151611492 0.793981373 0.054407105
1043 0.000000000 0.013572041 0.986427963
1044 0.500000000 0.500000000 0.000000000
1045 0.500000000 0.500000000 0.000000000
1046 0.500000000 0.500000000 0.000000000
1047 0.500000000 0.500000000 0.000000000
1048 0.500000000 0.500000000 0.000000000
1049 0.500000000 0.500000000 0.000000000
1050 0.500000000 0.500000000 0.000000000
1051 0.500000000 0.500000000 0.000000000
1052 0.500000000 0.500000000 0.000000000
1053 0.500000000 0.500000000 0.000000000
1054 1.000000000 0.000000000 0.000000000
1055 0.500000000 0.500000000 0.000000000
1056 1.000000000 0.000000000 0.000000000
1057 1.000000000 0.000000000 0.000000000
1058 0.000000000 1.000000000 0.000000000
1059 1.000000000 0.000000000 0.000000000
1060 1.000000000 0.000000000 0.000000000
1061 0.995327115 0.004672897 0.000000000
1062 0.992424250 0.007575758 0.000000000
1063 0.951881707 0.048118278 0.000000000
1064 0.987654328 0.012345679 0.000000000
1065 0.081081077 0.918918908 0.000000000
1066 0.000000000 1.000000000 0.000000000
1067 0.939409137 0.060590882 0.000000000
1068 0.576913595 0.423086375 0.000000000
1069 0.500000000 0.500000000 0.000000000
1070 0.000000000 1.000000000 0.000000000
1071 1.000000000 0.000000000 0.000000000
1072 0.005714286 0.994285703 0.000000000
1073 0.035714287 0.964285731 0.000000000
1074 0.001968504 0.998031497 0.000000000
1075 0.000000000 1.000000000 0.000000000
1076 0.004373178 0.995626807 0.000000000
1077 0.000000000 1.000000000 0.000000000
1078 0.300000012 0.699999988 0.000000000
1079 0.000000000 1.000000000 0.000000000
1080 0.000000000 1.000000000 0.000000000
1081 1.000000000 0.000000000 0.000000000
1082 0.839743614 0.160256416 0.000000000
1083 0.962962985 0.037037037 0.000000000
1084 1.000000000 0.000000000 0.000000000
1085 0.879999995 0.119999997 0.000000000
1086 1.000000000 0.000000000 0.000000000
1087 0.000000000 1.000000000 0.000000000
1088 0.980477214 0.019522777 0.000000000
1089 1.000000000 0.000000000 0.000000000
1090 1.000000000 0.000000000 0.000000000
1091 1.000000000 0.000000000 0.000000000
1092 0.996621609 0.003378378 0.000000000
1093 0.487341851 0.512658119 0.000000000
1094 0.006329114 0.993670881 0.000000000
1095 1.000000000 0.000000000 0.000000000
1096 1.000000000 0.000000000 0.000000000
1097 1.000000000 0.000000000 0.000000000
1098 0.582191765 0.417808205 0.000000000
1099 0.981132090 0.018867925 0.000000000
1100 0.970833361 0.029166667 0.000000000
1101 0.032608695 0.967391312 0.000000000
1102 0.500000000 0.500000000 0.000000000
1103 0.933333337 0.066666670 0.000000000
1104 0.000000000 1.000000000 0.000000000
1105 0.500000000 0.500000000 0.000000000
1106 0.036363635 0.963636339 0.000000000
1107 0.500000000 0.500000000 0.000000000
1108 0.000000000 1.000000000 0.000000000
1109 0.000000000 1.000000000 0.000000000
1110 0.000163345 0.999836683 0.000000000
1111 0.001002339 0.998997688 0.000000000
1112 0.000000000 1.000000000 0.000000000
1113 0.001218918 0.998781085 0.000000000
1114 0.027322404 0.972677588 0.000000000
1115 0.000992064 0.999007940 0.000000000
