0 0.000000000 0.766585767 0.233414203
1 0.000000000 0.826475203 0.173524797
2 0.000000000 0.895643651 0.104356334
3 0.000000000 0.955029190 0.044970803
4 0.000000000 0.779553115 0.220446870
5 0.000000000 0.418509364 0.581490636
6 0.000000000 0.485141069 0.514858902
7 0.000000000 0.520691276 0.479308695
8 0.000000000 0.954203963 0.045796048
9 0.000000000 0.999467492 0.000532532
10 0.000000000 0.477551579 0.522448421
11 0.000000000 0.011803976 0.988196015
12 0.998334467 0.001200440 0.000465103
13 0.831181407 0.160188854 0.008629739
14 0.734178364 0.234108642 0.031712979
15 0.531147957 0.287678838 0.181173190
16 0.027456904 0.512990654 0.459552407
17 0.000082699 0.270417809 0.729499519
18 0.999137461 0.000230658 0.000631905
19 0.946675837 0.049470514 0.003853646
20 0.725851834 0.261307687 0.012840508
21 0.551195383 0.429150164 0.019654458
22 0.034786943 0.756034076 0.209178999
23 0.000212908 0.180768058 0.819019020
24 0.907333910 0.092666104 0.000000000
25 0.812652647 0.187347353 0.000000000
26 0.498776585 0.501223445 0.000000000
27 0.547716081 0.452283889 0.000000000
28 0.000138581 0.999861419 0.000000000
29 0.000000000 1.000000000 0.000000000
30 0.728622139 0.271377832 0.000000000
31 0.742217720 0.257782280 0.000000000
32 0.387569278 0.612430692 0.000000000
33 0.222222224 0.777777791 0.000000000
34 0.000057458 0.999942541 0.000000000
35 0.000000000 1.000000000 0.000000000
36 0.000000000 0.219328955 0.780671060
37 0.000000000 0.305258662 0.694741309
38 0.000000000 0.664063990 0.335936010
39 0.000000000 0.661800504 0.338199526
40 0.000000000 0.488818735 0.511181235
41 0.000000000 0.580712438 0.419287533
42 0.000000000 0.410594642 0.589405358
43 0.000000000 0.124858968 0.875141025
44 0.000000000 0.999599516 0.000400481
45 0.000000000 0.965575576 0.034424398
46 0.000000000 0.906495690 0.093504325
47 0.000000000 0.952287316 0.047712676
48 0.000000000 0.996575534 0.003424465
49 0.000000000 0.973278344 0.026721684
50 0.000000000 0.306840092 0.693159878
51 0.000000000 0.999671340 0.000328639
52 0.000000000 0.997502625 0.002497347
53 0.000000000 0.987127125 0.012872849
54 0.000000000 0.996423423 0.003576598
55 0.000000000 0.995979786 0.004020200
56 0.000000000 0.993902326 0.006097693
57 0.000000000 0.122124389 0.877875626
58 0.000000000 0.913577139 0.086422861
59 0.000000000 0.972880661 0.027119350
60 0.000000000 0.841408551 0.158591464
61 0.000000000 0.712894738 0.287105232
62 0.000000000 0.991986334 0.008013639
63 0.000000000 0.976862907 0.023137115
64 0.000000000 0.055637736 0.944362283
65 0.000000000 0.209800854 0.790199161
66 0.000000000 0.152531981 0.847468019
67 0.000000000 0.180421636 0.819578350
68 0.000000000 0.691165447 0.308834553
69 0.000000000 0.782966554 0.217033431
70 0.000000000 0.116440527 0.883559465
71 0.000000000 0.912908256 0.087091759
72 0.000000000 0.003315650 0.996684372
73 0.000000000 0.438209116 0.561790884
74 0.000000000 0.230104014 0.769895971
75 0.000000000 0.343276292 0.656723678
76 0.000000000 0.591550052 0.408449978
77 0.000000000 0.324083298 0.675916731
78 0.000000000 0.646599710 0.353400260
79 0.000000000 0.002466091 0.997533917
80 0.000000000 0.987325072 0.012674939
81 0.000000000 0.956615150 0.043384876
82 0.000000000 0.991837978 0.008162032
83 0.000000000 0.971025646 0.028974382
84 0.000000000 0.994193673 0.005806298
85 0.000000000 0.994516432 0.005483548
86 0.000000000 0.000972132 0.999027848
87 0.000000000 0.996774197 0.003225805
88 0.000000000 0.999822021 0.000177999
89 0.000000000 0.998165250 0.001834769
90 0.000000000 0.999507546 0.000492449
91 0.000000000 0.994443655 0.005556347
92 0.000000000 0.980800867 0.019199139
93 0.000000000 0.000334896 0.999665082
94 0.000000000 0.949722767 0.050277233
95 0.000000000 0.905421615 0.094578385
96 0.000000000 0.430784434 0.569215536
97 0.000000000 0.413382888 0.586617112
98 0.000000000 0.970221519 0.029778495
99 0.000000000 0.981607795 0.018392224
100 0.000000000 0.000000000 1.000000000
101 0.000000000 0.001018330 0.998981655
102 0.000000000 0.025000000 0.975000024
103 0.000000000 0.000000000 1.000000000
104 0.000000000 0.230769232 0.769230783
105 0.000000000 0.000000000 1.000000000
106 0.000000000 0.115384616 0.884615362
107 0.000000000 0.025000000 0.975000024
108 0.002652520 0.004476127 0.992871344
109 0.996884763 0.001335114 0.001780151
110 0.997199178 0.000997544 0.001803254
111 0.989768147 0.000442968 0.009788876
112 0.988516629 0.000457247 0.011026107
113 0.994220853 0.000226142 0.005553022
114 0.990784585 0.000000000 0.009215387
115 0.001233046 0.005548705 0.993218243
116 0.973806679 0.005299000 0.020894293
117 0.999085724 0.000418498 0.000495759
118 0.954747140 0.000000000 0.045252830
119 0.924030542 0.075039558 0.000929916
120 0.940614343 0.032976549 0.026409125
121 0.960492432 0.000969480 0.038538102
122 0.000864118 0.002565349 0.996570528
123 0.948075056 0.049617615 0.002307310
124 0.903059423 0.096940592 0.000000000
125 0.865321934 0.133899689 0.000778387
126 0.754104674 0.221299395 0.024595901
127 0.759919882 0.174621493 0.065458618
128 0.767829239 0.158769056 0.073401712
129 0.000223264 0.000223264 0.999553442
130 0.539959848 0.391973943 0.068066254
131 0.618295014 0.379980028 0.001724932
132 0.213851541 0.770741343 0.015407108
133 0.258490175 0.740676999 0.000832850
134 0.654159427 0.342798501 0.003042106
135 0.355190814 0.628673971 0.016135201
136 0.000476872 0.011921793 0.987601340
137 0.000226296 0.919509709 0.080264002
138 0.041666668 0.719791651 0.238541663
139 0.000000000 0.000000000 1.000000000
140 0.145299152 0.451913655 0.402787209
141 0.010101010 0.170352533 0.819546461
142 0.038461540 0.364627659 0.596910775
143 0.000000000 0.006250000 0.993749976
144 0.001297017 0.003242542 0.995460451
145 0.999070227 0.000464900 0.000464900
146 0.998451829 0.000427077 0.001121076
147 0.999557316 0.000221337 0.000221337
148 0.967288673 0.001763668 0.030947639
149 0.999592304 0.000000000 0.000407698
150 0.990137517 0.001926782 0.007935691
151 0.000000000 0.000000000 1.000000000
152 0.984379351 0.015286759 0.000333868
153 0.965369046 0.028733272 0.005897701
154 1.000000000 0.000000000 0.000000000
155 0.783770621 0.096554950 0.119674429
156 0.990891695 0.009108312 0.000000000
157 0.889822900 0.109993190 0.000183891
158 0.000000000 0.013793103 0.986206889
159 0.877971172 0.120512418 0.001516389
160 0.938862145 0.058530420 0.002607449
161 0.923226774 0.074920893 0.001852350
162 0.839352310 0.136973560 0.023674112
163 0.907490909 0.081906796 0.010602275
164 0.904703319 0.092090890 0.003205816
165 0.000000000 0.002857143 0.997142851
166 0.123338252 0.875576735 0.001085015
167 0.540362120 0.459480554 0.000157354
168 0.050809834 0.942828059 0.006362125
169 0.107587032 0.888576269 0.003836710
170 0.404122323 0.583420634 0.012457045
171 0.541638374 0.449557841 0.008803821
172 0.024875622 0.024875622 0.950248778
173 0.001352265 0.041920215 0.956727505
174 0.000000000 0.905271113 0.094728895
175 0.000000000 0.982978702 0.017021276
176 0.072137855 0.927862167 0.000000000
177 0.025518185 0.923620582 0.050861228
178 0.004301075 0.707563162 0.288135797
179 0.000000000 0.000000000 1.000000000
180 0.001573977 0.998426020 0.000000000
181 0.998432577 0.001567398 0.000000000
182 0.998793721 0.001206273 0.000000000
183 0.999372661 0.000627353 0.000000000
184 1.000000000 0.000000000 0.000000000
185 0.998486400 0.001513623 0.000000000
186 0.999263704 0.000736278 0.000000000
187 0.000000000 1.000000000 0.000000000
188 0.500000000 0.500000000 0.000000000
189 0.929347813 0.070652172 0.000000000
190 1.000000000 0.000000000 0.000000000
191 1.000000000 0.000000000 0.000000000
192 0.000000000 1.000000000 0.000000000
193 0.952702701 0.047297299 0.000000000
194 0.000529661 0.999470353 0.000000000
195 1.000000000 0.000000000 0.000000000
196 0.062500000 0.937500000 0.000000000
197 0.972972989 0.027027028 0.000000000
198 0.059999999 0.939999998 0.000000000
199 0.000000000 1.000000000 0.000000000
200 0.594117641 0.405882359 0.000000000
201 0.000000000 1.000000000 0.000000000
202 0.551693022 0.448306948 0.000000000
203 0.615942001 0.384057969 0.000000000
204 0.952711940 0.047288071 0.000000000
205 0.191896021 0.808103979 0.000000000
206 0.000000000 1.000000000 0.000000000
207 0.000000000 1.000000000 0.000000000
208 0.001774623 0.998225391 0.000000000
209 0.000813008 0.999186993 0.000000000
210 0.224600136 0.775399864 0.000000000
211 0.263165385 0.736834586 0.000000000
212 0.887558222 0.112441756 0.000000000
213 0.920577645 0.079422385 0.000000000
214 0.536216199 0.463783801 0.000000000
215 0.000000000 1.000000000 0.000000000
216 0.000000000 1.000000000 0.000000000
217 0.997616231 0.002383790 0.000000000
218 0.999108732 0.000891266 0.000000000
219 0.994399190 0.005600815 0.000000000
220 1.000000000 0.000000000 0.000000000
221 1.000000000 0.000000000 0.000000000
222 1.000000000 0.000000000 0.000000000
223 0.000618812 0.999381185 0.000000000
224 0.961538434 0.038461540 0.000000000
225 0.992187500 0.007812500 0.000000000
226 0.699999988 0.300000012 0.000000000
227 0.988372087 0.011627907 0.000000000
228 0.083333336 0.916666687 0.000000000
229 0.733333349 0.266666681 0.000000000
230 0.000648508 0.999351501 0.000000000
231 0.125000000 0.875000000 0.000000000
232 0.500000000 0.500000000 0.000000000
233 0.200000003 0.800000012 0.000000000
234 0.500000000 0.500000000 0.000000000
235 0.852941155 0.147058830 0.000000000
236 0.907407403 0.092592590 0.000000000
237 0.001340483 0.998659492 0.000000000
238 0.609283268 0.390716732 0.000000000
239 0.551418424 0.448581547 0.000000000
240 0.421470612 0.578529418 0.000000000
241 0.588468611 0.411531359 0.000000000
242 0.816326559 0.183673471 0.000000000
243 0.017857144 0.982142866 0.000000000
244 0.007868383 0.992131591 0.000000000
245 0.136615708 0.863384306 0.000000000
246 0.039473683 0.960526288 0.000000000
247 0.000000000 1.000000000 0.000000000
248 0.066666670 0.933333337 0.000000000
249 0.000000000 1.000000000 0.000000000
250 0.000000000 1.000000000 0.000000000
251 0.025000000 0.975000024 0.000000000
252 0.000000000 0.540257514 0.459742486
253 0.000000000 0.131175905 0.868824124
254 0.000000000 0.610312045 0.389687985
255 0.000000000 0.620994866 0.379005164
256 0.000000000 0.730955958 0.269044042
257 0.000000000 0.643351912 0.356648058
258 0.000000000 0.000000000 1.000000000
259 0.000000000 0.440679580 0.559320390
260 0.000000000 0.619513154 0.380486846
261 0.000000000 0.777516246 0.222483754
262 0.000000000 1.000000000 0.000000000
263 0.000000000 0.852432430 0.147567555
264 0.000000000 0.269201517 0.730798483
265 0.000000000 0.593071818 0.406928182
266 0.000000000 0.077224672 0.922775328
267 0.000000000 0.782424867 0.217575133
268 0.000000000 0.999973416 0.000026597
269 0.000000000 0.942424238 0.057575759
270 0.000000000 0.501079798 0.498920232
271 0.000000000 0.807334185 0.192665800
272 0.000000000 0.977941155 0.022058824
273 0.000000000 0.172056556 0.827943444
274 0.000000000 0.992481232 0.007518797
275 0.000000000 1.000000000 0.000000000
276 0.000000000 0.796848536 0.203151494
277 0.000000000 0.690519333 0.309480667
278 0.000000000 0.423104942 0.576895058
279 0.000000000 0.970794201 0.029205794
280 0.000000000 0.227402672 0.772597313
281 0.000000000 0.268139035 0.731860936
282 0.000000000 0.014176320 0.985823691
283 0.000000000 0.032580677 0.967419326
284 0.000000000 0.263064325 0.736935675
285 0.000000000 0.192870483 0.807129502
286 0.000000000 0.892254829 0.107745148
287 0.000000000 0.058052074 0.941947937
288 0.000000000 0.500000000 0.500000000
289 0.000000000 0.666666687 0.333333343
290 0.000000000 0.666666687 0.333333343
291 0.000000000 0.875000000 0.125000000
292 0.000000000 0.666666687 0.333333343
293 0.000000000 0.000000000 1.000000000
294 0.000000000 0.315863848 0.684136152
295 0.000000000 0.012048192 0.987951815
296 0.000000000 0.520849288 0.479150712
297 0.000000000 0.001000000 0.999000013
298 0.000000000 0.454534620 0.545465410
299 0.000000000 0.004921260 0.995078743
300 0.000000000 0.912646711 0.087353289
301 0.000000000 0.641051590 0.358948410
302 0.000000000 0.000000000 1.000000000
303 0.000000000 0.887061596 0.112938412
304 0.000000000 0.944960237 0.055039760
305 0.000000000 0.993360817 0.006639194
306 0.000000000 0.842398822 0.157601207
307 0.000000000 0.985855520 0.014144487
308 0.000000000 0.766343296 0.233656704
309 0.000000000 0.030520169 0.969479859
310 0.000000000 0.911067128 0.088932842
311 0.000000000 0.996613979 0.003386005
312 0.000000000 0.972293139 0.027706848
313 0.000000000 0.860243738 0.139756233
314 0.000000000 1.000000000 0.000000000
315 0.000000000 0.927940011 0.072059996
316 0.000000000 0.004665380 0.995334625
317 0.000000000 0.369234443 0.630765557
318 0.000000000 0.000882353 0.999117672
319 0.000000000 0.000614251 0.999385774
320 0.000000000 0.002426471 0.997573555
321 0.000000000 0.000000000 1.000000000
322 0.000000000 0.314996362 0.685003638
323 0.000000000 0.000000000 1.000000000
324 0.333333343 0.333333343 0.333333343
325 1.000000000 0.000000000 0.000000000
326 0.555555582 0.222222224 0.222222224
327 0.166666672 0.166666672 0.666666687
328 0.333333343 0.333333343 0.333333343
329 0.000000000 0.000000000 1.000000000
330 0.995726466 0.002136752 0.002136752
331 0.000000000 0.000803213 0.999196768
332 0.994397759 0.002801121 0.002801121
333 0.998666644 0.000666667 0.000666667
334 0.803472221 0.195138887 0.001388889
335 0.822406590 0.000000000 0.177593380
336 1.000000000 0.000000000 0.000000000
337 0.983622372 0.000000000 0.016377650
338 0.000000000 0.000000000 1.000000000
339 0.979885042 0.000000000 0.020114943
340 0.718090534 0.275086910 0.006822552
341 0.924961388 0.066796854 0.008241759
342 0.870238841 0.121942900 0.007818249
343 0.895670891 0.098536432 0.005792683
344 0.561489284 0.354945838 0.083564870
345 0.004246285 0.004246285 0.991507411
346 0.381423086 0.490947008 0.127629906
347 0.603674114 0.221088216 0.175237641
348 0.481819272 0.498137236 0.020043505
349 0.404624194 0.589255571 0.006120251
350 0.434077799 0.560373724 0.005548469
351 0.225618094 0.738531232 0.035850681
352 0.000000000 0.000514801 0.999485195
353 0.029560767 0.962934554 0.007504690
354 0.000392157 0.764236987 0.235370845
355 0.000409500 0.638984442 0.360606045
356 0.000000000 0.599552512 0.400447518
357 0.010365835 0.724260807 0.265373379
358 0.026915098 0.902206838 0.070878066
359 0.000000000 0.000000000 1.000000000
360 0.011049724 0.011049724 0.977900565
361 0.973626375 0.000000000 0.026373627
362 0.989405870 0.000000000 0.010594102
363 0.998631060 0.000684463 0.000684463
364 0.994545460 0.000000000 0.005454545
365 1.000000000 0.000000000 0.000000000
366 0.333333343 0.333333343 0.333333343
367 0.000000000 0.000000000 1.000000000
368 1.000000000 0.000000000 0.000000000
369 1.000000000 0.000000000 0.000000000
370 1.000000000 0.000000000 0.000000000
371 1.000000000 0.000000000 0.000000000
372 0.961685836 0.019157087 0.019157087
373 0.982269526 0.008865248 0.008865248
374 0.000000000 0.046153847 0.953846157
375 0.807504475 0.185636818 0.006858711
376 0.991328180 0.000000000 0.008671840
377 0.950924098 0.032194860 0.016881028
378 0.706161737 0.024864025 0.268974274
379 0.508562684 0.275751084 0.215686277
380 0.994949520 0.002525253 0.002525253
381 0.033333335 0.033333335 0.933333337
382 0.627255142 0.367732316 0.005012531
383 0.419896632 0.506459951 0.073643409
384 0.221162751 0.627608538 0.151228741
385 0.462076128 0.491327375 0.046596520
386 0.314875335 0.597893536 0.087231144
387 0.436922461 0.561007142 0.002070393
388 0.016460905 0.022633744 0.960905373
389 0.022094941 0.970034719 0.007870371
390 0.000000000 0.178571433 0.821428597
391 0.000000000 0.073529415 0.926470578
392 0.001461988 0.993786573 0.004751462
393 0.008695652 0.982608676 0.008695652
394 0.228890374 0.770703137 0.000406504
395 0.006802721 0.047619049 0.945578218
396 0.005617978 0.994382024 0.000000000
397 1.000000000 0.000000000 0.000000000
398 1.000000000 0.000000000 0.000000000
399 0.989898980 0.010101010 0.000000000
400 0.995348811 0.004651163 0.000000000
401 0.997959197 0.002040816 0.000000000
402 1.000000000 0.000000000 0.000000000
403 0.000000000 1.000000000 0.000000000
404 1.000000000 0.000000000 0.000000000
405 1.000000000 0.000000000 0.000000000
406 0.500000000 0.500000000 0.000000000
407 1.000000000 0.000000000 0.000000000
408 0.995689631 0.004310345 0.000000000
409 0.996093750 0.003906250 0.000000000
410 0.003623188 0.996376812 0.000000000
411 0.953846157 0.046153847 0.000000000
412 0.500000000 0.500000000 0.000000000
413 1.000000000 0.000000000 0.000000000
414 0.983606577 0.016393442 0.000000000
415 0.000000000 1.000000000 0.000000000
416 0.500000000 0.500000000 0.000000000
417 0.009615385 0.990384638 0.000000000
418 0.500000000 0.500000000 0.000000000
419 0.500000000 0.500000000 0.000000000
420 0.089013316 0.910986662 0.000000000
421 0.902532458 0.097467542 0.000000000
422 0.855659902 0.144340083 0.000000000
423 0.000000000 1.000000000 0.000000000
424 0.001851852 0.998148143 0.000000000
425 0.417016804 0.582983196 0.000000000
426 0.000000000 1.000000000 0.000000000
427 0.002930832 0.997069180 0.000000000
428 0.051791273 0.948208749 0.000000000
429 0.119993344 0.880006671 0.000000000
430 0.387434542 0.612565458 0.000000000
431 0.000595238 0.999404788 0.000000000
432 0.500000000 0.500000000 0.000000000
433 0.500000000 0.500000000 0.000000000
434 1.000000000 0.000000000 0.000000000
435 0.500000000 0.500000000 0.000000000
436 0.500000000 0.500000000 0.000000000
437 0.500000000 0.500000000 0.000000000
438 0.996923089 0.003076923 0.000000000
439 0.006147541 0.993852437 0.000000000
440 0.993273556 0.006726457 0.000000000
441 1.000000000 0.000000000 0.000000000
442 0.982824445 0.017175572 0.000000000
443 0.996055245 0.003944773 0.000000000
444 1.000000000 0.000000000 0.000000000
445 0.881856561 0.118143462 0.000000000
446 0.002865330 0.997134686 0.000000000
447 1.000000000 0.000000000 0.000000000
448 0.754027009 0.245972976 0.000000000
449 1.000000000 0.000000000 0.000000000
450 0.996503472 0.003496503 0.000000000
451 0.500000000 0.500000000 0.000000000
452 0.978155315 0.021844661 0.000000000
453 0.004376368 0.995623648 0.000000000
454 0.993506491 0.006493506 0.000000000
455 0.500000000 0.500000000 0.000000000
456 0.000000000 1.000000000 0.000000000
457 0.127802685 0.872197330 0.000000000
458 0.500000000 0.500000000 0.000000000
459 1.000000000 0.000000000 0.000000000
460 0.000000000 1.000000000 0.000000000
461 0.000000000 1.000000000 0.000000000
462 0.254620790 0.745379210 0.000000000
463 0.000614251 0.999385774 0.000000000
464 0.000000000 1.000000000 0.000000000
465 0.000000000 1.000000000 0.000000000
466 0.315805286 0.684194684 0.000000000
467 0.000000000 1.000000000 0.000000000
468 0.000000000 0.500000000 0.500000000
469 0.000000000 0.500000000 0.500000000
470 0.000000000 0.500000000 0.500000000
471 0.000000000 0.000000000 1.000000000
472 0.000000000 0.500000000 0.500000000
473 0.000000000 1.000000000 0.000000000
474 0.000000000 0.986394584 0.013605442
475 0.000000000 1.000000000 0.000000000
476 0.000000000 0.975806475 0.024193548
477 0.000000000 1.000000000 0.000000000
478 0.000000000 0.756644845 0.243355155
479 0.000000000 1.000000000 0.000000000
480 0.000000000 1.000000000 0.000000000
481 0.000000000 1.000000000 0.000000000
482 0.000000000 0.877049208 0.122950822
483 0.000000000 0.932708442 0.067291550
484 0.000000000 0.950747013 0.049253017
485 0.000000000 1.000000000 0.000000000
486 0.000000000 0.986945868 0.013054133
487 0.000000000 0.995347440 0.004652586
488 0.000000000 0.981364608 0.018635407
489 0.000000000 0.908796787 0.091203213
490 0.000000000 0.856426656 0.143573374
491 0.000000000 0.988212526 0.011787493
492 0.000000000 1.000000000 0.000000000
493 0.000000000 0.999308348 0.000691655
494 0.000000000 0.996209919 0.003790088
495 0.000000000 0.991692841 0.008307145
496 0.000000000 0.474058598 0.525941372
497 0.000000000 0.997725606 0.002274380
498 0.000000000 0.875536501 0.124463521
499 0.000000000 0.894009233 0.105990782
500 0.000000000 0.857142866 0.142857149
501 0.000000000 0.923582911 0.076417111
502 0.000000000 0.933270812 0.066729203
503 0.000000000 0.978947341 0.021052632
504 0.000000000 0.000641849 0.999358177
505 0.000000000 0.001581278 0.998418748
506 0.000000000 0.838975668 0.161024332
507 0.000000000 0.467223763 0.532776237
508 0.000000000 0.881295562 0.118704423
509 0.000000000 0.858597040 0.141402945
510 0.000000000 0.017070591 0.982929409
511 0.000000000 0.001426175 0.998573840
512 0.000000000 0.446617931 0.553382039
513 0.000000000 0.793146551 0.206853464
514 0.000000000 0.684141517 0.315858513
515 0.000000000 0.504722953 0.495277047
516 0.000000000 0.014925373 0.985074639
517 0.000000000 0.650837600 0.349162370
518 0.000000000 0.018181818 0.981818199
519 0.000000000 0.963558376 0.036441613
520 0.000000000 0.985401452 0.014598540
521 0.000000000 0.980000019 0.020000000
522 0.000000000 0.000000000 1.000000000
523 0.000000000 0.500000000 0.500000000
524 0.000000000 0.500000000 0.500000000
525 0.000000000 0.000000000 1.000000000
526 0.000000000 0.500000000 0.500000000
527 0.000000000 0.625000000 0.375000000
528 0.000000000 0.448380888 0.551619112
529 0.000000000 0.673234582 0.326765418
530 0.000000000 0.913512826 0.086487174
531 0.000000000 0.904526711 0.095473312
532 0.000000000 0.030019060 0.969980955
533 0.000000000 0.001934618 0.998065352
534 0.000000000 0.001369977 0.998630047
535 0.000000000 0.002096167 0.997903824
536 0.000000000 0.005117082 0.994882941
537 0.000000000 0.086484976 0.913515031
538 0.000000000 0.576330185 0.423669815
539 0.000000000 0.012516308 0.987483680
540 0.157466844 0.157787755 0.684745371
541 0.999156654 0.000421674 0.000421674
542 0.948637307 0.000417973 0.050944705
543 0.997110248 0.000430385 0.002459344
544 0.994977415 0.000411015 0.004611550
545 0.994044065 0.002977963 0.002977963
546 0.982251644 0.003058104 0.014690256
547 0.004921700 0.251230419 0.743847847
548 0.999096632 0.000451671 0.000451671
549 0.954518020 0.020038128 0.025443858
550 0.979687452 0.000455996 0.019856568
551 0.976365685 0.011817168 0.011817168
552 0.990049779 0.004975124 0.004975124
553 0.863945603 0.000000000 0.136054426
554 0.000000000 0.000000000 1.000000000
555 0.980676353 0.009661836 0.009661836
556 0.897690952 0.102309041 0.000000000
557 1.000000000 0.000000000 0.000000000
558 0.000000000 0.500000000 0.500000000
559 0.333333343 0.333333343 0.333333343
560 0.333333343 0.333333343 0.333333343
561 0.000000000 0.000000000 1.000000000
562 0.333333343 0.333333343 0.333333343
563 0.500000000 0.250000000 0.250000000
564 0.520837903 0.132809967 0.346352130
565 0.392206132 0.597026646 0.010767247
566 0.542322993 0.441319615 0.016357381
567 0.231868118 0.696677387 0.071454488
568 0.005082592 0.005717916 0.989199519
569 0.019372499 0.019846283 0.960781217
570 0.000000000 0.000000000 1.000000000
571 0.000912617 0.499543697 0.499543697
572 0.000336927 0.789316773 0.210346326
573 0.075780995 0.424563825 0.499655187
574 0.272336006 0.699516237 0.028147789
575 0.000652316 0.011415525 0.987932146
576 0.333333343 0.333333343 0.333333343
577 0.333333343 0.333333343 0.333333343
578 0.333333343 0.333333343 0.333333343
579 0.333333343 0.333333343 0.333333343
580 0.333333343 0.333333343 0.333333343
581 0.400000006 0.000000000 0.600000024
582 1.000000000 0.000000000 0.000000000
583 0.000000000 0.000000000 1.000000000
584 1.000000000 0.000000000 0.000000000
585 1.000000000 0.000000000 0.000000000
586 0.978494644 0.010752688 0.010752688
587 1.000000000 0.000000000 0.000000000
588 0.966271102 0.018523168 0.015205716
589 0.965786159 0.008230959 0.025982896
590 0.000000000 0.006230529 0.993769467
591 0.599637270 0.384373337 0.015989402
592 0.738797605 0.249773592 0.011428809
593 0.460625678 0.526124299 0.013250051
594 0.998398721 0.000800640 0.000800640
595 0.808574021 0.191149324 0.000276625
596 0.824617445 0.141588762 0.033793811
597 0.000000000 0.000000000 1.000000000
598 0.489250898 0.482991487 0.027757606
599 0.916151404 0.080642231 0.003206385
600 0.315204233 0.682613552 0.002182215
601 0.025506202 0.969948351 0.004545454
602 0.220185727 0.779034078 0.000780183
603 0.542781651 0.414804935 0.042413432
604 0.000000000 0.000000000 1.000000000
605 0.000000000 0.982631445 0.017368536
606 0.001633987 0.049711931 0.948654056
607 0.000000000 0.747850120 0.252149880
608 0.000000000 0.000000000 1.000000000
609 0.000000000 0.000000000 1.000000000
610 0.000000000 0.843769908 0.156230062
611 0.000000000 0.008064516 0.991935492
612 0.500000000 0.500000000 0.000000000
613 0.500000000 0.500000000 0.000000000
614 0.500000000 0.500000000 0.000000000
615 0.500000000 0.500000000 0.000000000
616 0.500000000 0.500000000 0.000000000
617 0.500000000 0.500000000 0.000000000
618 1.000000000 0.000000000 0.000000000
619 0.500000000 0.500000000 0.000000000
620 0.500000000 0.500000000 0.000000000
621 0.500000000 0.500000000 0.000000000
622 1.000000000 0.000000000 0.000000000
623 0.500000000 0.500000000 0.000000000
624 0.500000000 0.500000000 0.000000000
625 0.500000000 0.500000000 0.000000000
626 0.000000000 1.000000000 0.000000000
627 0.777777791 0.222222224 0.000000000
628 0.958333313 0.041666668 0.000000000
629 0.500000000 0.500000000 0.000000000
630 0.013333334 0.986666679 0.000000000
631 1.000000000 0.000000000 0.000000000
632 0.778298378 0.221701607 0.000000000
633 0.025423728 0.974576294 0.000000000
634 0.918032765 0.081967212 0.000000000
635 0.000000000 1.000000000 0.000000000
636 0.500000000 0.500000000 0.000000000
637 0.000000000 1.000000000 0.000000000
638 0.000000000 1.000000000 0.000000000
639 0.033333335 0.966666639 0.000000000
640 0.003151261 0.996848762 0.000000000
641 0.250000000 0.750000000 0.000000000
642 0.017241379 0.982758641 0.000000000
643 0.021739131 0.978260875 0.000000000
644 0.000000000 1.000000000 0.000000000
645 0.025000000 0.975000024 0.000000000
646 0.026315790 0.973684192 0.000000000
647 0.000000000 1.000000000 0.000000000
648 0.000000000 1.000000000 0.000000000
649 1.000000000 0.000000000 0.000000000
650 0.998120308 0.001879699 0.000000000
651 1.000000000 0.000000000 0.000000000
652 0.997422695 0.002577320 0.000000000
653 1.000000000 0.000000000 0.000000000
654 0.999639750 0.000360231 0.000000000
655 0.000672043 0.999327958 0.000000000
656 0.998154998 0.001845018 0.000000000
657 1.000000000 0.000000000 0.000000000
658 0.972826064 0.027173912 0.000000000
659 0.999328852 0.000671141 0.000000000
660 1.000000000 0.000000000 0.000000000
661 1.000000000 0.000000000 0.000000000
662 0.018181818 0.981818199 0.000000000
663 1.000000000 0.000000000 0.000000000
664 0.000000000 1.000000000 0.000000000
665 0.500000000 0.500000000 0.000000000
666 0.458418339 0.541581690 0.000000000
667 0.500000000 0.500000000 0.000000000
668 0.500000000 0.500000000 0.000000000
669 0.000000000 1.000000000 0.000000000
670 0.500000000 0.500000000 0.000000000
671 0.500000000 0.500000000 0.000000000
672 0.179784909 0.820215106 0.000000000
673 0.703999996 0.296000004 0.000000000
674 0.465079367 0.534920633 0.000000000
675 0.000000000 1.000000000 0.000000000
676 0.001960784 0.998039186 0.000000000
677 0.000632911 0.999367118 0.000000000
678 0.000996678 0.999003351 0.000000000
679 0.000514227 0.999485791 0.000000000
680 0.164212957 0.835787058 0.000000000
681 0.096430063 0.903569937 0.000000000
682 0.332241654 0.667758346 0.000000000
683 0.005948447 0.994051576 0.000000000
684 0.000000000 0.829268277 0.170731708
685 0.000000000 0.341269851 0.658730149
686 0.000000000 0.008910297 0.991089702
687 0.000000000 0.007575758 0.992424250
688 0.000000000 0.478873253 0.521126747
689 0.000000000 0.000000000 1.000000000
690 0.000000000 0.000000000 1.000000000
691 0.000000000 0.773424089 0.226575926
692 0.000000000 0.000000000 1.000000000
693 0.000000000 0.161904767 0.838095248
694 0.000000000 0.630250394 0.369749576
695 0.000000000 0.000000000 1.000000000
696 0.000000000 0.048156690 0.951843321
697 0.000000000 0.100000001 0.899999976
698 0.000000000 0.925225675 0.074774310
699 0.000000000 0.924923420 0.075076587
700 0.000000000 0.988571405 0.011428571
701 0.000000000 0.019315831 0.980684161
702 0.000000000 0.283105016 0.716894984
703 0.000000000 0.523689210 0.476310790
704 0.000000000 0.348631978 0.651368022
705 0.000000000 0.652813196 0.347186804
706 0.000000000 0.866793811 0.133206204
707 0.000000000 0.877005160 0.122994855
708 0.000000000 1.000000000 0.000000000
709 0.000000000 0.893125057 0.106874920
710 0.000000000 0.994087636 0.005912391
711 0.000000000 0.977301538 0.022698490
712 0.000000000 0.227203593 0.772796392
713 0.000000000 0.645194471 0.354805529
714 0.000000000 0.482061923 0.517938077
715 0.000000000 0.570105374 0.429894656
716 0.000000000 0.358692437 0.641307592
717 0.000000000 0.664125085 0.335874915
718 0.000000000 0.840532184 0.159467831
719 0.000000000 0.090622269 0.909377754
720 0.000000000 0.500000000 0.500000000
721 0.000000000 0.500000000 0.500000000
722 0.000000000 0.500000000 0.500000000
723 0.000000000 0.500000000 0.500000000
724 0.000000000 0.500000000 0.500000000
725 0.000000000 0.500000000 0.500000000
726 0.000000000 0.657142878 0.342857152
727 0.000000000 0.384615391 0.615384638
728 0.000000000 0.809386969 0.190613031
729 0.000000000 0.267923415 0.732076585
730 0.000000000 0.708333313 0.291666657
731 0.000000000 0.414942056 0.585057914
732 0.000000000 0.375000000 0.625000000
733 0.000000000 0.060458370 0.939541638
734 0.000000000 0.037990198 0.962009788
735 0.000000000 0.634757638 0.365242362
736 0.000000000 0.994791687 0.005208333
737 0.000000000 0.574074090 0.425925940
738 0.000000000 0.649234533 0.350765467
739 0.000000000 0.181786895 0.818213105
740 0.000000000 0.215665758 0.784334242
741 0.000000000 0.001348921 0.998651087
742 0.000000000 1.000000000 0.000000000
743 0.000000000 0.398628533 0.601371467
744 0.000000000 0.971176922 0.028823100
745 0.000000000 0.977128148 0.022871846
746 0.000000000 0.955751240 0.044248771
747 0.000000000 0.972131252 0.027868722
748 0.000000000 0.007022472 0.992977500
749 0.000000000 0.975186408 0.024813594
750 0.000000000 0.419789791 0.580210209
751 0.000000000 0.005572894 0.994427085
752 0.000000000 0.319712579 0.680287421
753 0.000000000 0.590043485 0.409956545
754 0.000000000 0.621512115 0.378487885
755 0.000000000 0.000764526 0.999235451
756 0.333333343 0.333333343 0.333333343
757 0.333333343 0.333333343 0.333333343
758 0.333333343 0.333333343 0.333333343
759 0.000000000 0.000000000 1.000000000
760 0.333333343 0.333333343 0.333333343
761 0.333333343 0.333333343 0.333333343
762 0.561904788 0.219047621 0.219047621
763 0.000000000 0.033828672 0.966171324
764 0.962962985 0.018518519 0.018518519
765 0.642857134 0.178571433 0.178571433
766 0.609809875 0.039315060 0.350875050
767 0.698924720 0.150537640 0.150537640
768 0.940794051 0.028300716 0.030905247
769 0.993993998 0.003003003 0.003003003
770 0.013071896 0.013071896 0.973856211
771 0.992592573 0.003703704 0.003703704
772 0.993055582 0.003472222 0.003472222
773 0.993827164 0.003086420 0.003086420
774 0.870264113 0.128597930 0.001137955
775 0.620074928 0.379925042 0.000000000
776 0.932387769 0.055458732 0.012153520
777 0.000000000 0.001124101 0.998875916
778 0.675099790 0.160340488 0.164559692
779 0.661814868 0.196736097 0.141449004
780 0.664811313 0.321603149 0.013585567
781 0.670163214 0.320027679 0.009809101
782 0.795810461 0.202084258 0.002105263
783 0.836044788 0.159992665 0.003962536
784 0.000000000 0.016328843 0.983671129
785 0.313557476 0.682803512 0.003639010
786 0.001365498 0.525034130 0.473600358
787 0.000297221 0.000297221 0.999405563
788 0.000449035 0.225475922 0.774075031
789 0.001660628 0.631140828 0.367198527
790 0.239368886 0.743646383 0.016984716
791 0.003058104 0.067023911 0.929917991
792 0.000000000 0.000000000 1.000000000
793 0.969696999 0.015151516 0.015151516
794 0.333333343 0.333333343 0.333333343
795 0.333333343 0.333333343 0.333333343
796 0.980392158 0.009803922 0.009803922
797 0.333333343 0.333333343 0.333333343
798 0.333333343 0.333333343 0.333333343
799 0.000000000 0.000000000 1.000000000
800 0.333333343 0.333333343 0.333333343
801 1.000000000 0.000000000 0.000000000
802 1.000000000 0.000000000 0.000000000
803 0.333333343 0.333333343 0.333333343
804 0.916666687 0.041666668 0.041666668
805 0.861040056 0.019607844 0.119352087
806 0.000000000 0.000000000 1.000000000
807 0.950206876 0.006457814 0.043335292
808 1.000000000 0.000000000 0.000000000
809 0.555555582 0.222222224 0.222222224
810 0.240800723 0.000000000 0.759199262
811 0.472988546 0.035816275 0.491195202
812 0.783002317 0.015873017 0.201124653
813 0.015151516 0.128787875 0.856060624
814 0.848006427 0.109522536 0.042471044
815 0.654321015 0.027336860 0.318342149
816 0.887184024 0.107735857 0.005080124
817 0.864849329 0.096072860 0.039077789
818 0.752460957 0.210683301 0.036855768
819 0.951708019 0.038748130 0.009543878
820 0.000000000 0.006250000 0.993749976
821 0.373960197 0.547358572 0.078681208
822 0.000000000 0.001959200 0.998040795
823 0.000000000 0.000000000 1.000000000
824 0.000000000 0.000000000 1.000000000
825 0.001652893 0.837898135 0.160448983
826 0.133135721 0.838559449 0.028304836
827 0.000000000 0.354591846 0.645408154
828 0.000000000 1.000000000 0.000000000
829 1.000000000 0.000000000 0.000000000
830 1.000000000 0.000000000 0.000000000
831 0.992424250 0.007575758 0.000000000
832 0.986486495 0.013513514 0.000000000
833 1.000000000 0.000000000 0.000000000
834 1.000000000 0.000000000 0.000000000
835 0.000000000 1.000000000 0.000000000
836 1.000000000 0.000000000 0.000000000
837 1.000000000 0.000000000 0.000000000
838 1.000000000 0.000000000 0.000000000
839 1.000000000 0.000000000 0.000000000
840 0.996644318 0.003355705 0.000000000
841 1.000000000 0.000000000 0.000000000
842 0.055555556 0.944444418 0.000000000
843 1.000000000 0.000000000 0.000000000
844 0.500000000 0.500000000 0.000000000
845 0.971280932 0.028719062 0.000000000
846 0.990384638 0.009615385 0.000000000
847 0.967741907 0.032258064 0.000000000
848 1.000000000 0.000000000 0.000000000
849 0.000000000 1.000000000 0.000000000
850 1.000000000 0.000000000 0.000000000
851 1.000000000 0.000000000 0.000000000
852 0.500000000 0.500000000 0.000000000
853 0.993589759 0.006410256 0.000000000
854 1.000000000 0.000000000 0.000000000
855 0.000000000 1.000000000 0.000000000
856 0.001901141 0.998098850 0.000000000
857 0.964592278 0.035407726 0.000000000
858 0.000000000 1.000000000 0.000000000
859 0.003382950 0.996617079 0.000000000
860 0.000850340 0.999149680 0.000000000
861 0.000000000 1.000000000 0.000000000
862 0.604895115 0.395104885 0.000000000
863 0.001750292 0.998249710 0.000000000
864 0.500000000 0.500000000 0.000000000
865 0.500000000 0.500000000 0.000000000
866 0.500000000 0.500000000 0.000000000
867 0.500000000 0.500000000 0.000000000
868 0.500000000 0.500000000 0.000000000
869 0.500000000 0.500000000 0.000000000
870 1.000000000 0.000000000 0.000000000
871 0.187500000 0.812500000 0.000000000
872 0.600000024 0.400000006 0.000000000
873 1.000000000 0.000000000 0.000000000
874 0.687500000 0.312500000 0.000000000
875 0.684210539 0.315789461 0.000000000
876 0.991666675 0.008333334 0.000000000
877 0.995238066 0.004761905 0.000000000
878 0.000000000 1.000000000 0.000000000
879 1.000000000 0.000000000 0.000000000
880 0.500000000 0.500000000 0.000000000
881 1.000000000 0.000000000 0.000000000
882 0.955139041 0.044860959 0.000000000
883 1.000000000 0.000000000 0.000000000
884 0.998800933 0.001199041 0.000000000
885 0.000000000 1.000000000 0.000000000
886 0.500000000 0.500000000 0.000000000
887 0.988269806 0.011730205 0.000000000
888 0.147727266 0.852272749 0.000000000
889 0.000000000 1.000000000 0.000000000
890 0.032258064 0.967741907 0.000000000
891 0.105263159 0.894736826 0.000000000
892 0.002127660 0.997872353 0.000000000
893 0.040540539 0.959459484 0.000000000
894 0.000000000 1.000000000 0.000000000
895 0.002467474 0.997532547 0.000000000
896 0.004602235 0.995397747 0.000000000
897 0.000548847 0.999451160 0.000000000
898 0.000000000 1.000000000 0.000000000
899 0.015137615 0.984862387 0.000000000
900 0.000000000 0.500000000 0.500000000
901 0.000000000 0.500000000 0.500000000
902 0.000000000 1.000000000 0.000000000
903 0.000000000 0.500000000 0.500000000
904 0.000000000 0.500000000 0.500000000
905 0.000000000 0.500000000 0.500000000
906 0.000000000 0.777777791 0.222222224
907 0.000000000 0.570312500 0.429687500
908 0.000000000 0.692307711 0.307692319
909 0.000000000 0.714285731 0.285714298
910 0.000000000 1.000000000 0.000000000
911 0.000000000 0.000000000 1.000000000
912 0.000000000 1.000000000 0.000000000
913 0.000000000 0.310344815 0.689655185
914 0.000000000 0.699999988 0.300000012
915 0.000000000 0.553191483 0.446808517
916 0.000000000 0.171052635 0.828947365
917 0.000000000 0.987500012 0.012500000
918 0.000000000 0.533898294 0.466101706
919 0.000000000 0.408490062 0.591509938
920 0.000000000 0.873747706 0.126252294
921 0.000000000 0.590909064 0.409090906
922 0.000000000 0.885416687 0.114583336
923 0.000000000 0.952714920 0.047285069
924 0.000000000 0.991518497 0.008481481
925 0.000000000 0.985451818 0.014548155
926 0.000000000 1.000000000 0.000000000
927 0.000000000 0.997881353 0.002118644
928 0.000000000 0.374371439 0.625628531
929 0.000000000 0.682361782 0.317638218
930 0.000000000 0.710804045 0.289195925
931 0.000000000 0.533227265 0.466772765
932 0.000000000 0.871522069 0.128477946
933 0.000000000 0.693898380 0.306101620
934 0.000000000 0.804287255 0.195712775
935 0.000000000 0.541908026 0.458091944
936 0.000000000 0.002272727 0.997727275
937 0.000000000 0.000000000 1.000000000
938 0.000000000 0.000000000 1.000000000
939 0.000000000 0.128061324 0.871938646
940 0.000000000 0.819362521 0.180637464
941 0.000000000 0.595049858 0.404950172
942 0.000000000 0.003250591 0.996749401
943 0.000000000 0.014266305 0.985733688
944 0.000000000 0.286649138 0.713350832
945 0.000000000 0.101519838 0.898480177
946 0.000000000 0.961159170 0.038840830
947 0.000000000 0.030405285 0.969594717
948 0.000000000 0.004166667 0.995833337
949 0.000000000 0.000000000 1.000000000
950 0.000000000 0.005067567 0.994932413
951 0.000000000 0.104651161 0.895348847
952 0.000000000 1.000000000 0.000000000
953 0.000000000 1.000000000 0.000000000
954 0.000000000 0.375000000 0.625000000
955 0.000000000 0.500000000 0.500000000
956 0.000000000 0.500000000 0.500000000
957 0.000000000 0.500000000 0.500000000
958 0.000000000 1.000000000 0.000000000
959 0.000000000 0.500000000 0.500000000
960 0.000000000 0.964832425 0.035167575
961 0.000000000 0.904634416 0.095365576
962 0.000000000 0.940158129 0.059841849
963 0.000000000 0.983025372 0.016974600
964 0.000000000 0.022771953 0.977228045
965 0.000000000 0.825038075 0.174961925
966 0.000000000 0.004422757 0.995577216
967 0.000000000 0.001468121 0.998531878
968 0.000000000 0.000748254 0.999251723
969 0.000000000 0.209213778 0.790786207
970 0.000000000 0.669835269 0.330164760
971 0.000000000 0.007163098 0.992836893
972 0.001515151 0.001515151 0.996969700
973 1.000000000 0.000000000 0.000000000
974 1.000000000 0.000000000 0.000000000
975 1.000000000 0.000000000 0.000000000
976 0.963790476 0.000000000 0.036209546
977 0.706306636 0.001498127 0.292195201
978 0.885267138 0.000000000 0.114732876
979 0.000000000 0.000000000 1.000000000
980 0.991689742 0.002770083 0.005540166
981 0.996500432 0.001749781 0.001749781
982 0.996598661 0.001700680 0.001700680
983 0.868800581 0.107755937 0.023443475
984 0.975000024 0.000000000 0.025000000
985 0.978883386 0.000000000 0.021116599
986 0.000000000 0.016891891 0.983108103
987 0.984496117 0.007751938 0.007751938
988 1.000000000 0.000000000 0.000000000
989 0.000000000 0.126436785 0.873563230
990 1.000000000 0.000000000 0.000000000
991 0.555555582 0.222222224 0.222222224
992 0.000000000 0.000000000 1.000000000
993 0.333333343 0.333333343 0.333333343
994 1.000000000 0.000000000 0.000000000
995 0.333333343 0.333333343 0.333333343
996 0.819026947 0.176658154 0.004314931
997 0.626883149 0.334499359 0.038617525
998 0.540256977 0.436996877 0.022746162
999 0.428524405 0.552886188 0.018589396
1000 0.008300568 0.039996624 0.951702833
1001 0.677041113 0.302714854 0.020244004
1002 0.000000000 0.312500000 0.687500000
1003 0.000335570 0.507046998 0.492617458
1004 0.000221705 0.312513858 0.687264442
1005 0.000452437 0.982540786 0.017006803
1006 0.241543174 0.647960544 0.110496268
1007 0.000629723 0.312539369 0.686830938
1008 0.333333343 0.333333343 0.333333343
1009 0.333333343 0.333333343 0.333333343
1010 0.000000000 0.000000000 1.000000000
1011 0.333333343 0.333333343 0.333333343
1012 0.333333343 0.333333343 0.333333343
1013 0.333333343 0.333333343 0.333333343
1014 0.750000000 0.125000000 0.125000000
1015 0.333333343 0.333333343 0.333333343
1016 0.703703701 0.148148149 0.148148149
1017 0.333333343 0.333333343 0.333333343
1018 0.333333343 0.333333343 0.333333343
1019 0.333333343 0.333333343 0.333333343
1020 1.000000000 0.000000000 0.000000000
1021 0.592592597 0.370370358 0.037037037
1022 0.000000000 0.000000000 1.000000000
1023 0.371794879 0.025641026 0.602564096
1024 0.904761910 0.047619049 0.047619049
1025 0.769230783 0.000000000 0.230769232
1026 0.933333337 0.033333335 0.033333335
1027 0.876778901 0.123221077 0.000000000
1028 0.795918345 0.142857149 0.061224490
1029 0.025641026 0.025641026 0.948717952
1030 0.858156025 0.070921987 0.070921987
1031 0.566137552 0.026455026 0.407407403
1032 0.972377360 0.011131685 0.016490974
1033 0.882442832 0.097914845 0.019642331
1034 0.927536249 0.072463766 0.000000000
1035 0.860540807 0.124597177 0.014861995
1036 0.000000000 0.009765625 0.990234375
1037 0.346648723 0.585506380 0.067844912
1038 0.000439754 0.431676418 0.567883849
1039 0.002372479 0.995255053 0.002372479
1040 0.000761035 0.001124256 0.998114705
1041 0.000000000 0.000000000 1.000000000
1042 0.111764938 0.838234901 0.050000176
1043 0.002372479 0.002372479 0.995255053
1044 0.500000000 0.500000000 0.000000000
1045 0.500000000 0.500000000 0.000000000
1046 0.500000000 0.500000000 0.000000000
1047 0.500000000 0.500000000 0.000000000
1048 0.500000000 0.500000000 0.000000000
1049 0.500000000 0.500000000 0.000000000
1050 0.500000000 0.500000000 0.000000000
1051 0.000000000 1.000000000 0.000000000
1052 0.500000000 0.500000000 0.000000000
1053 0.500000000 0.500000000 0.000000000
1054 0.500000000 0.500000000 0.000000000
1055 0.583333313 0.416666657 0.000000000
1056 0.500000000 0.500000000 0.000000000
1057 0.975000024 0.025000000 0.000000000
1058 0.000000000 1.000000000 0.000000000
1059 1.000000000 0.000000000 0.000000000
1060 1.000000000 0.000000000 0.000000000
1061 0.500000000 0.500000000 0.000000000
1062 0.896551728 0.103448279 0.000000000
1063 0.984848499 0.015151516 0.000000000
1064 0.812500000 0.187500000 0.000000000
1065 0.000000000 1.000000000 0.000000000
1066 0.500000000 0.500000000 0.000000000
1067 0.166666672 0.833333313 0.000000000
1068 0.500000000 0.500000000 0.000000000
1069 0.200000003 0.800000012 0.000000000
1070 0.500000000 0.500000000 0.000000000
1071 0.500000000 0.500000000 0.000000000
1072 0.006369427 0.993630588 0.000000000
1073 1.000000000 0.000000000 0.000000000
1074 0.001712329 0.998287678 0.000000000
1075 0.012219959 0.987780035 0.000000000
1076 0.019083969 0.980916023 0.000000000
1077 0.000000000 1.000000000 0.000000000
1078 0.650717676 0.349282295 0.000000000
1079 0.000000000 1.000000000 0.000000000
1080 0.063636363 0.936363637 0.000000000
1081 1.000000000 0.000000000 0.000000000
1082 0.947084248 0.052915767 0.000000000
1083 1.000000000 0.000000000 0.000000000
1084 1.000000000 0.000000000 0.000000000
1085 1.000000000 0.000000000 0.000000000
1086 0.989333332 0.010666667 0.000000000
1087 0.000000000 1.000000000 0.000000000
1088 0.998054504 0.001945525 0.000000000
1089 0.911142170 0.088857830 0.000000000
1090 1.000000000 0.000000000 0.000000000
1091 1.000000000 0.000000000 0.000000000
1092 1.000000000 0.000000000 0.000000000
1093 1.000000000 0.000000000 0.000000000
1094 0.000000000 1.000000000 0.000000000
1095 1.000000000 0.000000000 0.000000000
1096 0.500000000 0.500000000 0.000000000
1097 0.500000000 0.500000000 0.000000000
1098 1.000000000 0.000000000 0.000000000
1099 0.500000000 0.500000000 0.000000000
1100 0.500000000 0.500000000 0.000000000
1101 0.500000000 0.500000000 0.000000000
1102 0.500000000 0.500000000 0.000000000
1103 0.500000000 0.500000000 0.000000000
1104 0.031914894 0.968085110 0.000000000
1105 1.000000000 0.000000000 0.000000000
1106 0.005555556 0.994444430 0.000000000
1107 0.017857144 0.982142866 0.000000000
1108 0.002666667 0.997333348 0.000000000
1109 0.158620685 0.841379285 0.000000000
1110 0.000500334 0.999499679 0.000000000
1111 0.001007388 0.998992622 0.000000000
1112 0.000332668 0.999667346 0.000000000
1113 0.001075731 0.998924255 0.000000000
1114 0.000000000 1.000000000 0.000000000
1115 0.000633714 0.999366283 0.000000000
