0 0.000000000 0.757540226 0.242459789
1 0.000000000 0.806256533 0.193743497
2 0.000000000 0.825758755 0.174241260
3 0.000000000 0.862222731 0.137777254
4 0.000000000 0.739207983 0.260791987
5 0.000000000 0.370315611 0.629684389
6 0.000000000 0.405964494 0.594035506
7 0.000000000 0.657061458 0.342938542
8 0.000000000 0.867699265 0.132300764
9 0.000000000 0.812046587 0.187953383
10 0.000000000 0.436372101 0.563627899
11 0.000000000 0.012326806 0.987673223
12 0.913331449 0.041395813 0.045272749
13 0.881870866 0.058237527 0.059891611
14 0.577913880 0.283334076 0.138752058
15 0.537571967 0.360396534 0.102031499
16 0.062062681 0.679878294 0.258059055
17 0.000000000 0.339829504 0.660170496
18 0.999126613 0.000180395 0.000692983
19 0.935426116 0.054563336 0.010010521
20 0.766333461 0.185795635 0.047870904
21 0.625390708 0.303789884 0.070819408
22 0.007601697 0.836293280 0.156105012
23 0.000000000 0.234134868 0.765865147
24 0.883919716 0.116080299 0.000000000
25 0.705426812 0.294573218 0.000000000
26 0.622402966 0.377597034 0.000000000
27 0.299380481 0.700619519 0.000000000
28 0.005496711 0.994503260 0.000000000
29 0.000000000 1.000000000 0.000000000
30 0.841383934 0.158616081 0.000000000
31 0.797320068 0.202679932 0.000000000
32 0.427005142 0.572994888 0.000000000
33 0.294316560 0.705683410 0.000000000
34 0.007486845 0.992513180 0.000000000
35 0.000000000 1.000000000 0.000000000
36 0.000000000 0.356932342 0.643067658
37 0.000000000 0.687943459 0.312056512
38 0.000000000 0.791345060 0.208654970
39 0.000000000 0.654872835 0.345127195
40 0.000000000 0.753447533 0.246552467
41 0.000000000 0.695504606 0.304495364
42 0.000000000 0.601326764 0.398673236
43 0.000000000 0.369917631 0.630082369
44 0.000000000 0.957266390 0.042733632
45 0.000000000 0.925917268 0.074082717
46 0.000000000 0.842217207 0.157782823
47 0.000000000 0.941033065 0.058966912
48 0.000000000 0.948703408 0.051296603
49 0.000000000 0.917784154 0.082215860
50 0.000000000 0.324280441 0.675719559
51 0.000000000 0.975712121 0.024287865
52 0.000000000 0.946327150 0.053672835
53 0.000000000 0.999255657 0.000744357
54 0.000000000 0.984830320 0.015169705
55 0.000000000 0.990516663 0.009483364
56 0.000000000 0.982103109 0.017896878
57 0.000000000 0.263097614 0.736902416
58 0.000000000 0.879121065 0.120878913
59 0.000000000 0.908307850 0.091692157
60 0.000000000 0.829440773 0.170559198
61 0.000000000 0.815007389 0.184992611
62 0.000000000 0.922824442 0.077175543
63 0.000000000 0.969686925 0.030313076
64 0.000000000 0.032051589 0.967948437
65 0.000000000 0.442160726 0.557839274
66 0.000000000 0.320553303 0.679446697
67 0.000000000 0.401300192 0.598699808
68 0.000000000 0.842292249 0.157707766
69 0.000000000 0.680553973 0.319446057
70 0.000000000 0.629188359 0.370811641
71 0.000000000 0.257992625 0.742007375
72 0.000000000 0.000487776 0.999512196
73 0.000000000 0.351918727 0.648081303
74 0.000000000 0.375525147 0.624474823
75 0.000000000 0.253726155 0.746273816
76 0.000000000 0.486513466 0.513486564
77 0.000000000 0.381338984 0.618660986
78 0.000000000 0.552973151 0.447026819
79 0.000000000 0.000151939 0.999848068
80 0.000000000 0.981579006 0.018420989
81 0.000000000 0.834850609 0.165149406
82 0.000000000 0.972443879 0.027556119
83 0.000000000 0.911625326 0.088374682
84 0.000000000 0.965555012 0.034444988
85 0.000000000 0.904142439 0.095857576
86 0.000000000 0.000000000 1.000000000
87 0.000000000 0.999965370 0.000034638
88 0.000000000 0.999352634 0.000647381
89 0.000000000 0.996939898 0.003060100
90 0.000000000 0.999361515 0.000638474
91 0.000000000 0.999298036 0.000701947
92 0.000000000 0.999538302 0.000461724
93 0.000000000 0.001219264 0.998780727
94 0.000000000 0.859653056 0.140346929
95 0.000000000 0.958641231 0.041358773
96 0.000000000 0.802437723 0.197562262
97 0.000000000 0.865225792 0.134774208
98 0.000000000 0.939260364 0.060739629
99 0.000000000 0.944004953 0.055995073
100 0.000000000 0.000000000 1.000000000
101 0.000000000 0.040632106 0.959367871
102 0.000000000 0.000000000 1.000000000
103 0.000000000 0.020603398 0.979396582
104 0.000000000 0.109636188 0.890363812
105 0.000000000 0.108296394 0.891703606
106 0.000000000 0.007314508 0.992685497
107 0.000000000 0.000000000 1.000000000
108 0.000000000 0.000162366 0.999837637
109 0.999085248 0.000589269 0.000325468
110 0.977290809 0.000210616 0.022498557
111 0.979101717 0.000380539 0.020517739
112 0.991644263 0.000000000 0.008355707
113 0.998991191 0.000584619 0.000424217
114 1.000000000 0.000000000 0.000000000
115 0.000000000 0.002923506 0.997076511
116 0.994706869 0.000000000 0.005293116
117 0.950691402 0.000000000 0.049308624
118 0.997499406 0.001506859 0.000993714
119 0.957725167 0.038725559 0.003549296
120 0.954809666 0.017796814 0.027393533
121 0.874230683 0.044432577 0.081336752
122 0.000000000 0.000465105 0.999534905
123 0.769995570 0.165601492 0.064402953
124 0.821581900 0.161093265 0.017324861
125 0.643625081 0.339368880 0.017006060
126 0.720496356 0.262775034 0.016728610
127 0.623063505 0.304125428 0.072811089
128 0.874595165 0.056426689 0.068978176
129 0.000000000 0.035899136 0.964100838
130 0.466793001 0.518807948 0.014399017
131 0.493533790 0.505369067 0.001097113
132 0.051433612 0.946481764 0.002084629
133 0.208362833 0.789554596 0.002082570
134 0.403873652 0.555009067 0.041117303
135 0.268056601 0.727532208 0.004411199
136 0.000000000 0.002373367 0.997626662
137 0.000004455 0.976632655 0.023362875
138 0.008188928 0.610355198 0.381455868
139 0.000000000 0.875899613 0.124100409
140 0.000000000 0.971801221 0.028198794
141 0.000000000 0.937322676 0.062677346
142 0.001911290 0.932166219 0.065922491
143 0.000000000 0.003879284 0.996120691
144 0.000000000 0.000562749 0.999437273
145 0.999826014 0.000174009 0.000000000
146 1.000000000 0.000000000 0.000000000
147 1.000000000 0.000000000 0.000000000
148 1.000000000 0.000000000 0.000000000
149 0.963919342 0.000000000 0.036080632
150 0.997523189 0.000000000 0.002476785
151 0.000000000 0.000000000 1.000000000
152 0.989217460 0.010525977 0.000256568
153 0.999765873 0.000234132 0.000000000
154 0.976135850 0.022525687 0.001338493
155 0.900321424 0.024021585 0.075656988
156 0.976590097 0.006061169 0.017348748
157 0.964821756 0.035134763 0.000043475
158 0.000000000 0.036974706 0.963025272
159 0.867412627 0.123336978 0.009250361
160 0.740970790 0.245859057 0.013170150
161 0.683814049 0.226422399 0.089763537
162 0.741601765 0.258398235 0.000000000
163 0.771316230 0.228329897 0.000353890
164 0.792284191 0.207715824 0.000000000
165 0.000000000 0.000000000 1.000000000
166 0.369912684 0.625469089 0.004618222
167 0.625134706 0.339862317 0.035003003
168 0.181319490 0.816440523 0.002239989
169 0.335896850 0.663319886 0.000783262
170 0.420471132 0.579528868 0.000000000
171 0.425751209 0.573956251 0.000292556
172 0.000000000 0.000000000 1.000000000
173 0.000000000 0.937857330 0.062142670
174 0.000000000 0.993833542 0.006166479
175 0.000000000 0.994042575 0.005957433
176 0.086027920 0.912741840 0.001230233
177 0.094439171 0.903097093 0.002463751
178 0.065468989 0.932884097 0.001646909
179 0.000000000 0.000000000 1.000000000
180 0.000131631 0.999868393 0.000000000
181 1.000000000 0.000000000 0.000000000
182 1.000000000 0.000000000 0.000000000
183 1.000000000 0.000000000 0.000000000
184 1.000000000 0.000000000 0.000000000
185 1.000000000 0.000000000 0.000000000
186 0.999383926 0.000616053 0.000000000
187 0.000000000 1.000000000 0.000000000
188 1.000000000 0.000000000 0.000000000
189 0.998770177 0.001229819 0.000000000
190 0.998443425 0.001556595 0.000000000
191 0.998805702 0.001194271 0.000000000
192 1.000000000 0.000000000 0.000000000
193 0.994166493 0.005833508 0.000000000
194 0.000000000 1.000000000 0.000000000
195 0.988961041 0.011038941 0.000000000
196 0.997520983 0.002479041 0.000000000
197 0.094382621 0.905617356 0.000000000
198 1.000000000 0.000000000 0.000000000
199 0.958227515 0.041772477 0.000000000
200 0.988779426 0.011220547 0.000000000
201 0.000000000 1.000000000 0.000000000
202 0.613690078 0.386309892 0.000000000
203 0.966660857 0.033339147 0.000000000
204 0.814388335 0.185611650 0.000000000
205 0.998053610 0.001946417 0.000000000
206 0.939619243 0.060380753 0.000000000
207 0.955708325 0.044291697 0.000000000
208 0.000000000 1.000000000 0.000000000
209 0.250596762 0.749403238 0.000000000
210 0.000000000 1.000000000 0.000000000
211 0.248647645 0.751352370 0.000000000
212 0.674691081 0.325308919 0.000000000
213 0.770483911 0.229516059 0.000000000
214 0.345733941 0.654266059 0.000000000
215 0.000000000 1.000000000 0.000000000
216 0.000000000 1.000000000 0.000000000
217 1.000000000 0.000000000 0.000000000
218 1.000000000 0.000000000 0.000000000
219 1.000000000 0.000000000 0.000000000
220 1.000000000 0.000000000 0.000000000
221 1.000000000 0.000000000 0.000000000
222 1.000000000 0.000000000 0.000000000
223 0.000000000 1.000000000 0.000000000
224 1.000000000 0.000000000 0.000000000
225 1.000000000 0.000000000 0.000000000
226 1.000000000 0.000000000 0.000000000
227 0.999294400 0.000705611 0.000000000
228 1.000000000 0.000000000 0.000000000
229 1.000000000 0.000000000 0.000000000
230 0.000000000 1.000000000 0.000000000
231 0.000000000 1.000000000 0.000000000
232 0.943662286 0.056337733 0.000000000
233 0.431208104 0.568791926 0.000000000
234 0.581329405 0.418670595 0.000000000
235 0.967545629 0.032454390 0.000000000
236 0.339548796 0.660451174 0.000000000
237 0.000000000 1.000000000 0.000000000
238 0.375413537 0.624586463 0.000000000
239 0.039788529 0.960211456 0.000000000
240 0.872350872 0.127649128 0.000000000
241 0.769828618 0.230171368 0.000000000
242 0.970421016 0.029579008 0.000000000
243 0.986098647 0.013901362 0.000000000
244 0.000000000 1.000000000 0.000000000
245 0.229579046 0.770420969 0.000000000
246 0.000000000 1.000000000 0.000000000
247 0.000000000 1.000000000 0.000000000
248 0.000000000 1.000000000 0.000000000
249 0.360302716 0.639697254 0.000000000
250 0.323650569 0.676349401 0.000000000
251 0.000000000 1.000000000 0.000000000
252 0.000000000 0.089562319 0.910437703
253 0.000000000 0.233137414 0.766862571
254 0.000000000 0.327146769 0.672853231
255 0.000000000 0.297801495 0.702198505
256 0.000000000 0.935241222 0.064758793
257 0.000000000 0.727832615 0.272167414
258 0.000000000 0.079297550 0.920702457
259 0.000000000 0.082666866 0.917333126
260 0.000000000 0.609107733 0.390892267
261 0.000000000 0.257589996 0.742410004
262 0.000000000 0.940393269 0.059606738
263 0.000000000 0.830818772 0.169181213
264 0.000000000 0.125050679 0.874949336
265 0.000000000 0.364056051 0.635943949
266 0.000000000 0.367377788 0.632622182
267 0.000000000 0.774428308 0.225571707
268 0.000000000 0.917679012 0.082321018
269 0.000000000 0.900853395 0.099146619
270 0.000000000 0.843569994 0.156430021
271 0.000000000 0.936093807 0.063906170
272 0.000000000 0.915706575 0.084293455
273 0.000000000 0.085792109 0.914207876
274 0.000000000 0.941812873 0.058187135
275 0.000000000 0.953463197 0.046536785
276 0.000000000 0.405746579 0.594253421
277 0.000000000 0.544783413 0.455216587
278 0.000000000 0.859517455 0.140482530
279 0.000000000 0.628952742 0.371047258
280 0.000000000 0.019963192 0.980036795
281 0.000000000 0.574640512 0.425359488
282 0.000000000 0.036175501 0.963824511
283 0.000000000 0.055159133 0.944840848
284 0.000000000 0.109326802 0.890673220
285 0.000000000 0.121131331 0.878868699
286 0.000000000 0.859976649 0.140023321
287 0.000000000 0.077676326 0.922323704
288 0.000000000 0.000032748 0.999967277
289 0.000000000 0.580811620 0.419188350
290 0.000000000 0.010698240 0.989301741
291 0.000000000 0.000003635 0.999996364
292 0.000000000 0.000598771 0.999401212
293 0.000000000 0.000532846 0.999467134
294 0.000000000 0.443796724 0.556203246
295 0.000000000 0.000058145 0.999941826
296 0.000000000 0.456333876 0.543666124
297 0.000000000 0.070098139 0.929901838
298 0.000000000 0.789865196 0.210134819
299 0.000000000 0.359954208 0.640045822
300 0.000000000 0.693816006 0.306183994
301 0.000000000 0.770162940 0.229837030
302 0.000000000 0.000017162 0.999982834
303 0.000000000 0.745802760 0.254197240
304 0.000000000 0.988996804 0.011003185
305 0.000000000 0.927912772 0.072087251
306 0.000000000 0.792397559 0.207602456
307 0.000000000 0.757419884 0.242580146
308 0.000000000 0.749446929 0.250553042
309 0.000000000 0.000000000 1.000000000
310 0.000000000 1.000000000 0.000000000
311 0.000000000 0.923871517 0.076128513
312 0.000000000 0.978196740 0.021803262
313 0.000000000 0.932719827 0.067280158
314 0.000000000 0.973206997 0.026792981
315 0.000000000 0.979227126 0.020772889
316 0.000000000 0.000000000 1.000000000
317 0.000000000 0.575831473 0.424168497
318 0.000000000 0.011579468 0.988420546
319 0.000000000 0.018812751 0.981187224
320 0.000000000 0.010373053 0.989626944
321 0.000000000 0.030251140 0.969748855
322 0.000000000 0.256755769 0.743244231
323 0.000000000 0.000017266 0.999982715
324 0.000000000 0.000001114 0.999998868
325 0.999988496 0.000004382 0.000007095
326 0.995606422 0.000000216 0.004393389
327 1.000000000 0.000000000 0.000000000
328 0.490971535 0.000000000 0.509028435
329 0.996564209 0.000000000 0.003435784
330 1.000000000 0.000000000 0.000000000
331 0.000000000 0.000004970 0.999995053
332 0.886145175 0.000186730 0.113668092
333 0.936093807 0.000000000 0.063906170
334 0.862822890 0.000000000 0.137177110
335 0.981019199 0.000001933 0.018978884
336 0.999405146 0.000155526 0.000439347
337 0.949156642 0.050576329 0.000267019
338 0.000000000 0.000002222 0.999997795
339 0.809691131 0.089491300 0.100817569
340 0.695261240 0.003493188 0.301245570
341 0.937051177 0.035725113 0.027223736
342 0.825550735 0.159572959 0.014876295
343 0.775976956 0.222999692 0.001023328
344 0.762284935 0.097715117 0.139999941
345 0.000000000 0.000000000 1.000000000
346 0.667131484 0.139001638 0.193866894
347 0.599002004 0.363107830 0.037890159
348 0.206331491 0.792476714 0.001191778
349 0.311772883 0.687306464 0.000920626
350 0.381995082 0.611085057 0.006919832
351 0.335854769 0.661726594 0.002418634
352 0.000000000 0.000582515 0.999417484
353 0.007046537 0.985003173 0.007950262
354 0.000000000 0.802378595 0.197621420
355 0.000000000 0.896970093 0.103029929
356 0.000000000 0.800386429 0.199613571
357 0.000000000 0.626739681 0.373260319
358 0.021098658 0.967336893 0.011564425
359 0.000000000 0.000171322 0.999828696
360 0.000127636 0.007509869 0.992362499
361 0.701619744 0.000042909 0.298337340
362 0.999959111 0.000040913 0.000000000
363 1.000000000 0.000000000 0.000000000
364 0.999988377 0.000011244 0.000000383
365 1.000000000 0.000000000 0.000000000
366 1.000000000 0.000000000 0.000000000
367 0.000000000 0.000000000 1.000000000
368 0.999925256 0.000000000 0.000074748
369 0.999476552 0.000000000 0.000523471
370 1.000000000 0.000000000 0.000000000
371 1.000000000 0.000000000 0.000000000
372 0.987968564 0.003890293 0.008141128
373 0.887563765 0.002963829 0.109472416
374 0.000000000 0.000000000 1.000000000
375 0.994390488 0.004462213 0.001147329
376 0.948751748 0.050100844 0.001147396
377 0.999344885 0.000655104 0.000000000
378 0.971701741 0.024429444 0.003868810
379 0.966905594 0.031039786 0.002054647
380 0.774244428 0.225328803 0.000426751
381 0.000000000 0.000000000 1.000000000
382 0.534762323 0.462698966 0.002538724
383 0.536116898 0.462317377 0.001565713
384 0.512571692 0.475408614 0.012019710
385 0.455629587 0.538258791 0.006111634
386 0.439681500 0.558853388 0.001465101
387 0.506266594 0.489988863 0.003744529
388 0.000000000 0.000000000 1.000000000
389 0.001705054 0.974800110 0.023494847
390 0.000000000 0.881536007 0.118464023
391 0.000000000 0.338538766 0.661461234
392 0.000000000 0.953909695 0.046090312
393 0.000000000 0.981666565 0.018333437
394 0.010313082 0.987915277 0.001771661
395 0.000000000 0.000000000 1.000000000
396 0.000030462 0.999969542 0.000000000
397 1.000000000 0.000000000 0.000000000
398 1.000000000 0.000000000 0.000000000
399 1.000000000 0.000000000 0.000000000
400 1.000000000 0.000000000 0.000000000
401 1.000000000 0.000000000 0.000000000
402 1.000000000 0.000000000 0.000000000
403 0.000000000 1.000000000 0.000000000
404 1.000000000 0.000000000 0.000000000
405 1.000000000 0.000000000 0.000000000
406 1.000000000 0.000000000 0.000000000
407 1.000000000 0.000000000 0.000000000
408 1.000000000 0.000000000 0.000000000
409 0.999987066 0.000012906 0.000000000
410 0.000000000 1.000000000 0.000000000
411 1.000000000 0.000000000 0.000000000
412 0.986069500 0.013930493 0.000000000
413 0.988537490 0.011462510 0.000000000
414 0.993882775 0.006117234 0.000000000
415 0.867836475 0.132163540 0.000000000
416 0.877527118 0.122472905 0.000000000
417 0.000055078 0.999944925 0.000000000
418 0.970671713 0.029328268 0.000000000
419 0.993063152 0.006936834 0.000000000
420 0.848657191 0.151342779 0.000000000
421 0.959519923 0.040480047 0.000000000
422 0.836335778 0.163664237 0.000000000
423 0.897866786 0.102133237 0.000000000
424 0.000000000 1.000000000 0.000000000
425 0.311987460 0.688012540 0.000000000
426 0.000138763 0.999861240 0.000000000
427 0.002807894 0.997192085 0.000000000
428 0.043355729 0.956644297 0.000000000
429 0.059898052 0.940101922 0.000000000
430 0.306285501 0.693714499 0.000000000
431 0.000000000 1.000000000 0.000000000
432 0.000000000 1.000000000 0.000000000
433 1.000000000 0.000000000 0.000000000
434 0.999988675 0.000011309 0.000000000
435 1.000000000 0.000000000 0.000000000
436 1.000000000 0.000000000 0.000000000
437 1.000000000 0.000000000 0.000000000
438 0.999911487 0.000088540 0.000000000
439 0.000000000 1.000000000 0.000000000
440 1.000000000 0.000000000 0.000000000
441 0.999949455 0.000050537 0.000000000
442 1.000000000 0.000000000 0.000000000
443 1.000000000 0.000000000 0.000000000
444 1.000000000 0.000000000 0.000000000
445 0.999994099 0.000005919 0.000000000
446 0.000000000 1.000000000 0.000000000
447 1.000000000 0.000000000 0.000000000
448 1.000000000 0.000000000 0.000000000
449 1.000000000 0.000000000 0.000000000
450 1.000000000 0.000000000 0.000000000
451 0.800233245 0.199766770 0.000000000
452 0.998810410 0.001189602 0.000000000
453 0.000000000 1.000000000 0.000000000
454 0.500000000 0.500000000 0.000000000
455 0.604365885 0.395634115 0.000000000
456 0.973711550 0.026288478 0.000000000
457 0.990137875 0.009862114 0.000000000
458 0.921692431 0.078307599 0.000000000
459 0.986931741 0.013068259 0.000000000
460 0.000000000 1.000000000 0.000000000
461 0.352201313 0.647798657 0.000000000
462 0.000000000 1.000000000 0.000000000
463 0.000000000 1.000000000 0.000000000
464 0.080794267 0.919205725 0.000000000
465 0.000000000 1.000000000 0.000000000
466 0.222798556 0.777201414 0.000000000
467 0.000000000 1.000000000 0.000000000
468 0.000000000 0.000000000 1.000000000
469 0.000000000 0.000000000 1.000000000
470 0.000000000 1.000000000 0.000000000
471 0.000000000 0.000000000 1.000000000
472 0.000000000 0.000000000 1.000000000
473 0.000000000 0.000000000 1.000000000
474 0.000000000 0.997120678 0.002879348
475 0.000000000 0.997120678 0.002879348
476 0.000000000 0.999544084 0.000455928
477 0.000000000 0.999548256 0.000451747
478 0.000000000 0.672653377 0.327346623
479 0.000000000 0.997120678 0.002879348
480 0.000000000 0.996629834 0.003370145
481 0.000000000 0.997418642 0.002581368
482 0.000000000 0.915566027 0.084433965
483 0.000000000 0.998385787 0.001614190
484 0.000000000 0.834000587 0.165999442
485 0.000000000 0.996629834 0.003370145
486 0.000000000 0.998201549 0.001798448
487 0.000000000 0.998699665 0.001300324
488 0.000000000 0.946105480 0.053894505
489 0.000000000 0.839208424 0.160791561
490 0.000000000 0.939521313 0.060478706
491 0.000000000 0.999469519 0.000530454
492 0.000000000 0.998914957 0.001085023
493 0.000000000 0.999683201 0.000316808
494 0.000000000 0.999968827 0.000031181
495 0.000000000 0.976582527 0.023417464
496 0.000000000 0.335169464 0.664830506
497 0.000000000 0.991142988 0.008857000
498 0.000000000 0.988934636 0.011065379
499 0.000000000 0.996103764 0.003896251
500 0.000000000 0.975975811 0.024024211
501 0.000000000 0.982909858 0.017090129
502 0.000000000 0.993485868 0.006514118
503 0.000000000 0.691743672 0.308256358
504 0.000000000 0.000000000 1.000000000
505 0.000000000 0.231071725 0.768928289
506 0.000000000 0.612249732 0.387750268
507 0.000000000 0.601321697 0.398678273
508 0.000000000 0.797228158 0.202771857
509 0.000000000 0.664493024 0.335506946
510 0.000000000 0.019116050 0.980883956
511 0.000000000 0.000577421 0.999422550
512 0.000000000 0.730689466 0.269310534
513 0.000000000 0.773220360 0.226779670
514 0.000000000 0.899469078 0.100530908
515 0.000000000 0.892927885 0.107072115
516 0.000000000 0.068829454 0.931170523
517 0.000000000 0.577936769 0.422063261
518 0.000000000 0.000000000 1.000000000
519 0.000000000 0.982698977 0.017301038
520 0.000000000 0.976266801 0.023733178
521 0.000000000 0.977218330 0.022781691
522 0.000000000 0.712059736 0.287940264
523 0.000000000 0.585832775 0.414167225
524 0.000000000 0.998817682 0.001182300
525 0.000000000 0.000000000 1.000000000
526 0.000000000 0.996373951 0.003626062
527 0.000000000 0.996299922 0.003700073
528 0.000000000 0.446995676 0.553004324
529 0.000000000 0.469723135 0.530276895
530 0.000000000 0.951421857 0.048578121
531 0.000000000 0.983919084 0.016080905
532 0.000000000 0.000000000 1.000000000
533 0.000000000 0.400321752 0.599678218
534 0.000000000 0.000000000 1.000000000
535 0.000000000 0.000044736 0.999955237
536 0.000000000 0.000000000 1.000000000
537 0.000000000 0.005885974 0.994114041
538 0.000000000 0.694481194 0.305518806
539 0.000000000 0.000000000 1.000000000
540 0.000000000 0.000000000 1.000000000
541 0.889702439 0.000000000 0.110297583
542 0.897915483 0.000000000 0.102084525
543 0.938374698 0.000000000 0.061625298
544 0.974857271 0.000000000 0.025142720
545 0.939171612 0.000000000 0.060828406
546 0.896585166 0.000000000 0.103414848
547 0.000000000 0.000293486 0.999706507
548 0.940858662 0.000222123 0.058919217
549 0.924097657 0.001173075 0.074729264
550 0.970169663 0.003556012 0.026274329
551 0.923128903 0.006354147 0.070516936
552 0.846327245 0.000000000 0.153672755
553 0.979185879 0.007699873 0.013114256
554 0.000000000 0.000587583 0.999412417
555 0.955031037 0.006111843 0.038857117
556 0.910272300 0.020628165 0.069099560
557 0.959368587 0.013430690 0.027200753
558 0.653897166 0.010031512 0.336071312
559 0.716894209 0.086918369 0.196187451
560 0.967666924 0.016394069 0.015938999
561 0.000000000 0.000009350 0.999990642
562 0.950388491 0.048135217 0.001476309
563 0.792031348 0.164864585 0.043104075
564 0.249809831 0.643678844 0.106511340
565 0.360573381 0.624104559 0.015322051
566 0.504898250 0.485293567 0.009808187
567 0.517760396 0.466656774 0.015582825
568 0.000000000 0.004173166 0.995826840
569 0.036332998 0.800399542 0.163267493
570 0.000000000 0.424112141 0.575887859
571 0.000000000 0.560460687 0.439539343
572 0.000000000 0.741787553 0.258212417
573 0.000000000 0.732455432 0.267544568
574 0.386760801 0.591445148 0.021794029
575 0.000000000 0.000188672 0.999811351
576 0.333333343 0.333333343 0.333333343
577 0.333333343 0.333333343 0.333333343
578 0.780605197 0.219394773 0.000000000
579 0.333333343 0.333333343 0.333333343
580 0.333333343 0.333333343 0.333333343
581 0.333333343 0.333333343 0.333333343
582 1.000000000 0.000000000 0.000000000
583 0.000000000 0.000000000 1.000000000
584 1.000000000 0.000000000 0.000000000
585 0.875494659 0.000420029 0.124085322
586 0.980822861 0.000000000 0.019177137
587 1.000000000 0.000000000 0.000000000
588 1.000000000 0.000000000 0.000000000
589 0.932984650 0.036774684 0.030240651
590 0.000000000 0.000000000 1.000000000
591 0.807702482 0.130568996 0.061728515
592 0.524708509 0.349470586 0.125820920
593 0.696126282 0.230362609 0.073511094
594 0.755564272 0.243520170 0.000915586
595 0.620004475 0.363512546 0.016482977
596 0.510727644 0.369395435 0.119876929
597 0.000000000 0.001257864 0.998742163
598 0.390179008 0.435365885 0.174455091
599 0.775247097 0.203447118 0.021305766
600 0.355616838 0.644383192 0.000000000
601 0.206707001 0.793169379 0.000123641
602 0.287788123 0.708882272 0.003329603
603 0.431884646 0.560581982 0.007533363
604 0.000000000 0.000000000 1.000000000
605 0.015425222 0.949365973 0.035208788
606 0.000000000 0.983663440 0.016336534
607 0.000020550 0.866385758 0.133593678
608 0.000025580 0.754065871 0.245908558
609 0.000000000 0.660819292 0.339180708
610 0.000000000 0.862234592 0.137765422
611 0.000000000 0.000000000 1.000000000
612 0.000000000 1.000000000 0.000000000
613 1.000000000 0.000000000 0.000000000
614 0.500000000 0.500000000 0.000000000
615 1.000000000 0.000000000 0.000000000
616 1.000000000 0.000000000 0.000000000
617 1.000000000 0.000000000 0.000000000
618 1.000000000 0.000000000 0.000000000
619 0.000000000 1.000000000 0.000000000
620 1.000000000 0.000000000 0.000000000
621 0.000000000 1.000000000 0.000000000
622 1.000000000 0.000000000 0.000000000
623 0.626354337 0.373645633 0.000000000
624 0.052722026 0.947277963 0.000000000
625 0.000000000 1.000000000 0.000000000
626 0.000000000 1.000000000 0.000000000
627 0.000000000 1.000000000 0.000000000
628 0.981944144 0.018055886 0.000000000
629 0.044442516 0.955557466 0.000000000
630 0.030923828 0.969076157 0.000000000
631 0.000000000 1.000000000 0.000000000
632 1.000000000 0.000000000 0.000000000
633 0.000000000 1.000000000 0.000000000
634 0.961481631 0.038518347 0.000000000
635 0.018043473 0.981956542 0.000000000
636 0.000000000 1.000000000 0.000000000
637 0.000000000 1.000000000 0.000000000
638 1.000000000 0.000000000 0.000000000
639 0.849160850 0.150839135 0.000000000
640 0.000000000 1.000000000 0.000000000
641 0.751604080 0.248395950 0.000000000
642 0.000000000 1.000000000 0.000000000
643 0.000000000 1.000000000 0.000000000
644 0.000000000 1.000000000 0.000000000
645 0.000000000 1.000000000 0.000000000
646 0.000000000 1.000000000 0.000000000
647 0.000000000 1.000000000 0.000000000
648 0.000000000 1.000000000 0.000000000
649 1.000000000 0.000000000 0.000000000
650 1.000000000 0.000000000 0.000000000
651 1.000000000 0.000000000 0.000000000
652 1.000000000 0.000000000 0.000000000
653 1.000000000 0.000000000 0.000000000
654 1.000000000 0.000000000 0.000000000
655 0.000000000 1.000000000 0.000000000
656 0.998494685 0.001505341 0.000000000
657 1.000000000 0.000000000 0.000000000
658 1.000000000 0.000000000 0.000000000
659 1.000000000 0.000000000 0.000000000
660 1.000000000 0.000000000 0.000000000
661 1.000000000 0.000000000 0.000000000
662 0.000000000 1.000000000 0.000000000
663 1.000000000 0.000000000 0.000000000
664 0.912576675 0.087423332 0.000000000
665 1.000000000 0.000000000 0.000000000
666 0.998372555 0.001627451 0.000000000
667 0.945295155 0.054704823 0.000000000
668 0.724250376 0.275749654 0.000000000
669 0.000000000 1.000000000 0.000000000
670 0.000000000 1.000000000 0.000000000
671 0.517400205 0.482599795 0.000000000
672 0.780447364 0.219552621 0.000000000
673 0.541126966 0.458873034 0.000000000
674 0.946042597 0.053957414 0.000000000
675 0.730018795 0.269981176 0.000000000
676 0.000000000 1.000000000 0.000000000
677 0.556802809 0.443197161 0.000000000
678 0.000000000 1.000000000 0.000000000
679 0.057142552 0.942857444 0.000000000
680 0.138338938 0.861661077 0.000000000
681 0.359390706 0.640609264 0.000000000
682 0.527574003 0.472425997 0.000000000
683 0.000000000 1.000000000 0.000000000
684 0.000000000 0.799534261 0.200465709
685 0.000000000 0.580066741 0.419933289
686 0.000000000 0.148997337 0.851002634
687 0.000000000 0.008933934 0.991066039
688 0.000000000 0.935193479 0.064806513
689 0.000000000 0.476815313 0.523184657
690 0.000000000 0.367155403 0.632844567
691 0.000000000 0.642764807 0.357235193
692 0.000000000 0.133111864 0.866888165
693 0.000000000 0.249353662 0.750646353
694 0.000000000 0.970139146 0.029860865
695 0.000000000 0.234115452 0.765884578
696 0.000000000 0.741149426 0.258850574
697 0.000000000 0.815051258 0.184948772
698 0.000000000 0.811100662 0.188899338
699 0.000000000 0.392719269 0.607280731
700 0.000000000 0.992991030 0.007008980
701 0.000000000 0.856575549 0.143424481
702 0.000000000 0.578039944 0.421960086
703 0.000000000 0.925562024 0.074437998
704 0.000000000 0.716212392 0.283787638
705 0.000000000 0.509342790 0.490657210
706 0.000000000 0.999425650 0.000574332
707 0.000000000 0.999425650 0.000574332
708 0.000000000 0.675650239 0.324349761
709 0.000000000 0.944731236 0.055268764
710 0.000000000 0.797275305 0.202724680
711 0.000000000 0.427323788 0.572676182
712 0.000000000 0.088017695 0.911982298
713 0.000000000 0.728112042 0.271887988
714 0.000000000 0.342692018 0.657307982
715 0.000000000 0.491374820 0.508625150
716 0.000000000 0.441161752 0.558838248
717 0.000000000 0.256969631 0.743030369
718 0.000000000 0.888685226 0.111314766
719 0.000000000 0.278064698 0.721935332
720 0.000000000 0.002005090 0.997994900
721 0.000000000 0.369953245 0.630046785
722 0.000000000 0.166128308 0.833871722
723 0.000000000 0.194956735 0.805043280
724 0.000000000 0.828499317 0.171500683
725 0.000000000 0.486566007 0.513433993
726 0.000000000 0.182830468 0.817169547
727 0.000000000 0.003437447 0.996562541
728 0.000000000 0.345129520 0.654870450
729 0.000000000 0.257498533 0.742501438
730 0.000000000 0.986438155 0.013561866
731 0.000000000 0.568140805 0.431859195
732 0.000000000 0.103557900 0.896442115
733 0.000000000 0.184276775 0.815723240
734 0.000000000 0.000836939 0.999163032
735 0.000000000 0.245219707 0.754780293
736 0.000000000 0.997459352 0.002540667
737 0.000000000 0.345429748 0.654570222
738 0.000000000 0.702107966 0.297892004
739 0.000000000 0.750273705 0.249726295
740 0.000000000 0.748433053 0.251566976
741 0.000000000 0.001848164 0.998151839
742 0.000000000 0.993571758 0.006428249
743 0.000000000 0.596580923 0.403419077
744 0.000000000 0.907048523 0.092951484
745 0.000000000 0.928089321 0.071910672
746 0.000000000 0.937482953 0.062517054
747 0.000000000 0.991171300 0.008828679
748 0.000000000 0.000027018 0.999972999
749 0.000000000 0.842611909 0.157388076
750 0.000000000 0.000000000 1.000000000
751 0.000000000 0.045806479 0.954193532
752 0.000000000 0.046061527 0.953938484
753 0.000000000 0.047971610 0.952028394
754 0.000000000 0.917359293 0.082640693
755 0.000000000 0.000008705 0.999991298
756 0.000000000 0.000000000 1.000000000
757 0.990165770 0.001375164 0.008459057
758 0.636152744 0.000535514 0.363311738
759 0.619318783 0.000568478 0.380112737
760 0.994170547 0.000748680 0.005080767
761 0.719262183 0.000000000 0.280737817
762 0.995963812 0.000000000 0.004036194
763 0.000000000 0.000286422 0.999713600
764 0.994623423 0.000200370 0.005176232
765 0.841312230 0.000039835 0.158647910
766 0.998219550 0.000321499 0.001458922
767 0.959840834 0.000781841 0.039377309
768 0.860478818 0.000117096 0.139404073
769 0.996506333 0.000511092 0.002982553
770 0.000000000 0.000132387 0.999867618
771 0.482417524 0.001511082 0.516071379
772 0.998129725 0.000513636 0.001356643
773 0.749945283 0.006221581 0.243833125
774 0.965092778 0.002511879 0.032395352
775 0.991823435 0.003510067 0.004666523
776 0.993049562 0.002048993 0.004901417
777 0.000000000 0.000000000 1.000000000
778 0.989959419 0.005409026 0.004631564
779 0.786070108 0.047623128 0.166306734
780 0.336948365 0.660970449 0.002081167
781 0.458559781 0.540921271 0.000518940
782 0.694509447 0.304267049 0.001223490
783 0.627598941 0.371153951 0.001247083
784 0.000000000 0.000039960 0.999960065
785 0.144467220 0.805885017 0.049647748
786 0.000000000 0.304090500 0.695909500
787 0.000000000 0.612939358 0.387060642
788 0.000000000 0.712762296 0.287237704
789 0.000000000 0.489215434 0.510784566
790 0.002345389 0.977454722 0.020199860
791 0.000000000 0.000029007 0.999970973
792 0.000000000 0.000000000 1.000000000
793 1.000000000 0.000000000 0.000000000
794 1.000000000 0.000000000 0.000000000
795 1.000000000 0.000000000 0.000000000
796 1.000000000 0.000000000 0.000000000
797 1.000000000 0.000000000 0.000000000
798 0.991770208 0.001459124 0.006770688
799 0.000000000 0.000000000 1.000000000
800 0.957920492 0.009783302 0.032296181
801 0.977536798 0.006614317 0.015848873
802 0.994226336 0.000000000 0.005773686
803 1.000000000 0.000000000 0.000000000
804 0.997501850 0.000676450 0.001821673
805 0.979659438 0.001012718 0.019327847
806 0.000000000 0.000000000 1.000000000
807 0.976639032 0.014308330 0.009052620
808 0.995107055 0.001623215 0.003269720
809 0.907456875 0.080122761 0.012420352
810 0.981587470 0.008574155 0.009838373
811 0.959070921 0.006081358 0.034847699
812 0.985273421 0.006034523 0.008692080
813 0.000000000 0.005096597 0.994903386
814 0.977502406 0.017195724 0.005301885
815 0.953067362 0.043655831 0.003276795
816 0.740656495 0.258323163 0.001020364
817 0.773706436 0.222905159 0.003388431
818 0.694037795 0.304988861 0.000973355
819 0.784410954 0.212927252 0.002661778
820 0.000000000 0.000000000 1.000000000
821 0.295276701 0.699272037 0.005451233
822 0.000569962 0.663645625 0.335784405
823 0.000639989 0.758321881 0.241038114
824 0.000000000 0.877385139 0.122614853
825 0.000862357 0.789183974 0.209953696
826 0.002963705 0.990349233 0.006687037
827 0.000000000 0.000000000 1.000000000
828 0.000000000 1.000000000 0.000000000
829 1.000000000 0.000000000 0.000000000
830 1.000000000 0.000000000 0.000000000
831 1.000000000 0.000000000 0.000000000
832 1.000000000 0.000000000 0.000000000
833 1.000000000 0.000000000 0.000000000
834 0.999958754 0.000041237 0.000000000
835 0.000000000 1.000000000 0.000000000
836 1.000000000 0.000000000 0.000000000
837 1.000000000 0.000000000 0.000000000
838 1.000000000 0.000000000 0.000000000
839 0.998948753 0.001051235 0.000000000
840 0.966898203 0.033101819 0.000000000
841 1.000000000 0.000000000 0.000000000
842 0.000000000 1.000000000 0.000000000
843 0.992723644 0.007276338 0.000000000
844 0.110876672 0.889123321 0.000000000
845 0.966854095 0.033145908 0.000000000
846 0.996390343 0.003609665 0.000000000
847 0.999861240 0.000138741 0.000000000
848 1.000000000 0.000000000 0.000000000
849 0.000000000 1.000000000 0.000000000
850 0.000000000 1.000000000 0.000000000
851 0.000000000 1.000000000 0.000000000
852 0.989918828 0.010081148 0.000000000
853 0.995890319 0.004109654 0.000000000
854 0.967212200 0.032787785 0.000000000
855 1.000000000 0.000000000 0.000000000
856 0.000000000 1.000000000 0.000000000
857 0.977357447 0.022642558 0.000000000
858 0.000000000 1.000000000 0.000000000
859 0.000000000 1.000000000 0.000000000
860 0.000562729 0.999437273 0.000000000
861 0.000000468 0.999999523 0.000000000
862 0.526765883 0.473234117 0.000000000
863 0.000000000 1.000000000 0.000000000
864 0.000000000 1.000000000 0.000000000
865 0.992808998 0.007190987 0.000000000
866 0.995090842 0.004909141 0.000000000
867 0.992070258 0.007929752 0.000000000
868 0.988875568 0.011124422 0.000000000
869 1.000000000 0.000000000 0.000000000
870 0.996898055 0.003101958 0.000000000
871 0.001966126 0.998033881 0.000000000
872 0.998277605 0.001722382 0.000000000
873 0.997842491 0.002157506 0.000000000
874 0.972878456 0.027121551 0.000000000
875 1.000000000 0.000000000 0.000000000
876 0.997879744 0.002120248 0.000000000
877 0.999002755 0.000997229 0.000000000
878 0.000000000 1.000000000 0.000000000
879 0.997865975 0.002134049 0.000000000
880 0.621983290 0.378016740 0.000000000
881 1.000000000 0.000000000 0.000000000
882 0.983316481 0.016683502 0.000000000
883 0.989704013 0.010295961 0.000000000
884 0.994153440 0.005846532 0.000000000
885 0.000000000 1.000000000 0.000000000
886 0.481510818 0.518489182 0.000000000
887 1.000000000 0.000000000 0.000000000
888 0.899684370 0.100315630 0.000000000
889 0.886075318 0.113924667 0.000000000
890 0.884597659 0.115402356 0.000000000
891 0.025273362 0.974726617 0.000000000
892 0.000000000 1.000000000 0.000000000
893 0.448627234 0.551372766 0.000000000
894 0.000000000 1.000000000 0.000000000
895 0.000007153 0.999992847 0.000000000
896 0.000000000 1.000000000 0.000000000
897 0.000000000 1.000000000 0.000000000
898 0.605477571 0.394522429 0.000000000
899 0.000000000 1.000000000 0.000000000
900 0.000000000 0.999860048 0.000139942
901 0.000000000 0.000000000 1.000000000
902 0.000000000 0.000000000 1.000000000
903 0.000000000 0.000000000 1.000000000
904 0.000000000 0.029882178 0.970117807
905 0.000000000 0.000000000 1.000000000
906 0.000000000 0.975465417 0.024534585
907 0.000000000 0.894785404 0.105214618
908 0.000000000 0.131126776 0.868873239
909 0.000000000 0.078002423 0.921997547
910 0.000000000 1.000000000 0.000000000
911 0.000000000 0.975391328 0.024608649
912 0.000000000 0.966303527 0.033696447
913 0.000000000 0.889793694 0.110206313
914 0.000000000 0.540855050 0.459144920
915 0.000000000 0.484073192 0.515926838
916 0.000000000 1.000000000 0.000000000
917 0.000000000 0.949079692 0.050920334
918 0.000000000 0.492122054 0.507877946
919 0.000000000 0.957662106 0.042337883
920 0.000000000 0.395840853 0.604159176
921 0.000000000 0.618280411 0.381719559
922 0.000000000 0.994105875 0.005894100
923 0.000000000 0.858373463 0.141626522
924 0.000000000 0.954003036 0.045996942
925 0.000000000 0.997584641 0.002415369
926 0.000000000 0.809691131 0.190308884
927 0.000000000 0.948959887 0.051040132
928 0.000000000 0.229012474 0.770987511
929 0.000000000 0.941330016 0.058669966
930 0.000000000 0.330242813 0.669757187
931 0.000000000 0.412463695 0.587536275
932 0.000000000 0.355658561 0.644341409
933 0.000000000 0.313787550 0.686212420
934 0.000000000 0.984801888 0.015198112
935 0.000000000 0.408449680 0.591550291
936 0.000000000 0.000000000 1.000000000
937 0.000000000 0.000000000 1.000000000
938 0.000000000 0.000000000 1.000000000
939 0.000000000 0.000000000 1.000000000
940 0.000000000 0.496688485 0.503311515
941 0.000000000 0.002268767 0.997731209
942 0.000000000 0.002848929 0.997151077
943 0.000000000 0.002848929 0.997151077
944 0.000000000 0.000000000 1.000000000
945 0.000000000 0.143823534 0.856176496
946 0.000000000 0.520304799 0.479695171
947 0.000000000 0.021594537 0.978405476
948 0.000000000 0.038491718 0.961508274
949 0.000000000 0.041330170 0.958669841
950 0.000000000 0.000000000 1.000000000
951 0.000000000 0.232205108 0.767794907
952 0.000000000 0.898742497 0.101257518
953 0.000000000 0.101166546 0.898833454
954 0.000000000 0.667699933 0.332300067
955 0.000000000 0.638613224 0.361386806
956 0.000000000 0.637380302 0.362619668
957 0.000000000 0.000017543 0.999982476
958 0.000000000 0.951575339 0.048424665
959 0.000000000 0.807047665 0.192952335
960 0.000000000 0.871698499 0.128301516
961 0.000000000 0.872462451 0.127537534
962 0.000000000 0.877571642 0.122428343
963 0.000000000 0.987247705 0.012752268
964 0.000000000 0.000000000 1.000000000
965 0.000000000 0.819826186 0.180173814
966 0.000000000 0.028505435 0.971494555
967 0.000000000 0.015027011 0.984973013
968 0.000000000 0.118350782 0.881649196
969 0.000000000 0.223911971 0.776087999
970 0.000000000 0.790665448 0.209334537
971 0.000000000 0.000000000 1.000000000
972 0.000000000 0.000000000 1.000000000
973 1.000000000 0.000000000 0.000000000
974 1.000000000 0.000000000 0.000000000
975 1.000000000 0.000000000 0.000000000
976 1.000000000 0.000000000 0.000000000
977 1.000000000 0.000000000 0.000000000
978 0.985191762 0.000591920 0.014216337
979 0.000000000 0.000460397 0.999539614
980 0.981694162 0.000000000 0.018305849
981 0.995953441 0.001197628 0.002848929
982 0.985124230 0.012026841 0.002848929
983 0.986447811 0.005948534 0.007603652
984 0.981781662 0.015567503 0.002650845
985 0.989098549 0.002065481 0.008835968
986 0.000000000 0.000774451 0.999225557
987 0.983225524 0.014558837 0.002215666
988 0.992751360 0.005745819 0.001502827
989 0.988461375 0.009570749 0.001967881
990 0.739054680 0.006206859 0.254738480
991 0.827966571 0.126252145 0.045781307
992 0.811715245 0.006694653 0.181590080
993 0.000000000 0.000017543 0.999982476
994 0.987714827 0.012274901 0.000010283
995 0.545555830 0.041468255 0.412975937
996 0.588390470 0.378678322 0.032931231
997 0.515730679 0.472495347 0.011773950
998 0.732955635 0.258205622 0.008838784
999 0.786564112 0.207271084 0.006164773
1000 0.000000000 0.067798056 0.932201922
1001 0.276417792 0.627232611 0.096349582
1002 0.000000000 0.765128732 0.234871238
1003 0.000000000 0.761460245 0.238539740
1004 0.000000000 0.756567180 0.243432820
1005 0.000000000 0.923029006 0.076970987
1006 0.147608444 0.848673284 0.003718262
1007 0.000000000 0.000000000 1.000000000
1008 0.000000000 0.028204480 0.971795499
1009 0.333333343 0.333333343 0.333333343
1010 0.333333343 0.333333343 0.333333343
1011 0.333333343 0.333333343 0.333333343
1012 0.667363524 0.332636476 0.000000000
1013 0.333333343 0.333333343 0.333333343
1014 0.998513103 0.000367573 0.001119306
1015 0.000000000 0.000000000 1.000000000
1016 0.932865322 0.066465013 0.000669667
1017 0.954993784 0.041176729 0.003829496
1018 0.992037177 0.007962831 0.000000000
1019 0.998566210 0.001433818 0.000000000
1020 1.000000000 0.000000000 0.000000000
1021 1.000000000 0.000000000 0.000000000
1022 0.000000000 0.000000000 1.000000000
1023 1.000000000 0.000000000 0.000000000
1024 0.988192856 0.011807172 0.000000000
1025 0.936970532 0.039145332 0.023884118
1026 0.931899905 0.051167853 0.016932227
1027 0.991128147 0.007246972 0.001624858
1028 0.965583861 0.009049391 0.025366757
1029 0.000000000 0.000000000 1.000000000
1030 0.901185572 0.098398097 0.000416346
1031 0.750096202 0.228553608 0.021350201
1032 0.744885027 0.254413992 0.000701011
1033 0.850727081 0.148195729 0.001077179
1034 0.929621398 0.068716422 0.001662192
1035 0.660823703 0.337562740 0.001613589
1036 0.000000000 0.025351675 0.974648297
1037 0.045509908 0.934362054 0.020128055
1038 0.000000000 0.672266781 0.327733189
1039 0.000000000 0.594415367 0.405584604
1040 0.000000000 0.804312527 0.195687473
1041 0.000000000 0.764304221 0.235695794
1042 0.033555344 0.965159297 0.001285381
1043 0.000000000 0.000020306 0.999979675
1044 0.003228281 0.996771693 0.000000000
1045 1.000000000 0.000000000 0.000000000
1046 1.000000000 0.000000000 0.000000000
1047 1.000000000 0.000000000 0.000000000
1048 1.000000000 0.000000000 0.000000000
1049 1.000000000 0.000000000 0.000000000
1050 1.000000000 0.000000000 0.000000000
1051 0.000000000 1.000000000 0.000000000
1052 1.000000000 0.000000000 0.000000000
1053 0.999842703 0.000157287 0.000000000
1054 0.500000000 0.500000000 0.000000000
1055 0.996990323 0.003009704 0.000000000
1056 1.000000000 0.000000000 0.000000000
1057 1.000000000 0.000000000 0.000000000
1058 0.000000000 1.000000000 0.000000000
1059 1.000000000 0.000000000 0.000000000
1060 0.500000000 0.500000000 0.000000000
1061 1.000000000 0.000000000 0.000000000
1062 1.000000000 0.000000000 0.000000000
1063 0.981788337 0.018211680 0.000000000
1064 1.000000000 0.000000000 0.000000000
1065 0.000000000 1.000000000 0.000000000
1066 0.779830575 0.220169440 0.000000000
1067 1.000000000 0.000000000 0.000000000
1068 1.000000000 0.000000000 0.000000000
1069 1.000000000 0.000000000 0.000000000
1070 0.989329875 0.010670141 0.000000000
1071 0.995344937 0.004655065 0.000000000
1072 0.000000000 1.000000000 0.000000000
1073 0.921532929 0.078467079 0.000000000
1074 0.000000000 1.000000000 0.000000000
1075 0.000000000 1.000000000 0.000000000
1076 0.000000000 1.000000000 0.000000000
1077 0.000000000 1.000000000 0.000000000
1078 0.000000000 1.000000000 0.000000000
1079 0.000000000 1.000000000 0.000000000
1080 0.000000000 1.000000000 0.000000000
1081 1.000000000 0.000000000 0.000000000
1082 1.000000000 0.000000000 0.000000000
1083 1.000000000 0.000000000 0.000000000
1084 1.000000000 0.000000000 0.000000000
1085 1.000000000 0.000000000 0.000000000
1086 1.000000000 0.000000000 0.000000000
1087 0.000000000 1.000000000 0.000000000
1088 0.997151077 0.002848929 0.000000000
1089 0.996672511 0.003327502 0.000000000
1090 0.994060934 0.005939040 0.000000000
1091 1.000000000 0.000000000 0.000000000
1092 1.000000000 0.000000000 0.000000000
1093 1.000000000 0.000000000 0.000000000
1094 0.000000000 1.000000000 0.000000000
1095 0.997114241 0.002885752 0.000000000
1096 0.978118479 0.021881493 0.000000000
1097 1.000000000 0.000000000 0.000000000
1098 0.999853134 0.000146856 0.000000000
1099 1.000000000 0.000000000 0.000000000
1100 0.999951601 0.000048379 0.000000000
1101 0.000000000 1.000000000 0.000000000
1102 0.999637723 0.000362274 0.000000000
1103 0.937690020 0.062309965 0.000000000
1104 0.932847261 0.067152739 0.000000000
1105 0.918622255 0.081377774 0.000000000
1106 0.980464935 0.019535055 0.000000000
1107 0.831815362 0.168184653 0.000000000
1108 0.000000000 1.000000000 0.000000000
1109 0.492035806 0.507964194 0.000000000
1110 0.000000000 1.000000000 0.000000000
1111 0.000000000 1.000000000 0.000000000
1112 0.000000000 1.000000000 0.000000000
1113 0.017754929 0.982245088 0.000000000
1114 0.232545897 0.767454088 0.000000000
1115 0.000000000 1.000000000 0.000000000
