0 0.000000000 0.733001530 0.266998470
1 0.000000000 0.661417723 0.338582307
2 0.000000000 0.869637847 0.130362123
3 0.000000000 0.802887678 0.197112307
4 0.000000000 0.744145513 0.255854517
5 0.000000000 0.281275719 0.718724251
6 0.000000000 0.340504438 0.659495533
7 0.000000000 0.646372378 0.353627622
8 0.000000000 0.848566711 0.151433259
9 0.000000000 0.937261581 0.062738389
10 0.000000000 0.459796757 0.540203214
11 0.000000000 0.000896743 0.999103248
12 0.768337965 0.170934498 0.060727537
13 0.912390351 0.022253890 0.065355740
14 0.519758880 0.313250989 0.166990101
15 0.502768993 0.271320671 0.225910366
16 0.098862797 0.564720094 0.336417109
17 0.000030879 0.385707587 0.614261508
18 0.991648257 0.000414781 0.007936975
19 0.919128060 0.079392776 0.001479155
20 0.702924669 0.257094204 0.039981108
21 0.603376627 0.335486174 0.061137225
22 0.005167665 0.819246590 0.175585762
23 0.000000000 0.065113805 0.934886217
24 0.771870017 0.228130013 0.000000000
25 0.962379158 0.037620869 0.000000000
26 0.750294685 0.249705315 0.000000000
27 0.254175812 0.745824158 0.000000000
28 0.037971288 0.962028742 0.000000000
29 0.000000000 1.000000000 0.000000000
30 0.688774884 0.311225116 0.000000000
31 0.499387145 0.500612855 0.000000000
32 0.668136597 0.331863374 0.000000000
33 0.206941471 0.793058515 0.000000000
34 0.073857196 0.926142812 0.000000000
35 0.000000000 1.000000000 0.000000000
36 0.000000000 0.287683606 0.712316394
37 0.000000000 0.654228330 0.345771700
38 0.000000000 0.847119570 0.152880430
39 0.000000000 0.761298299 0.238701686
40 0.000000000 0.630682886 0.369317114
41 0.000000000 0.608128250 0.391871721
42 0.000000000 0.817633331 0.182366684
43 0.000000000 0.420166969 0.579833031
44 0.000000000 0.960934043 0.039065979
45 0.000000000 0.960668683 0.039331291
46 0.000000000 0.859104216 0.140895769
47 0.000000000 0.915205479 0.084794544
48 0.000000000 0.913132608 0.086867422
49 0.000000000 0.919076979 0.080922998
50 0.000000000 0.479551405 0.520448565
51 0.000000000 0.999397397 0.000602626
52 0.000000000 0.988312364 0.011687607
53 0.000000000 0.965388954 0.034611050
54 0.000000000 0.959453702 0.040546305
55 0.000000000 0.994521797 0.005478204
56 0.000000000 1.000000000 0.000000000
57 0.000000000 0.324252248 0.675747752
58 0.000000000 0.849592268 0.150407717
59 0.000000000 0.953074396 0.046925586
60 0.000000000 0.782709897 0.217290103
61 0.000000000 0.845107377 0.154892623
62 0.000000000 0.896626592 0.103373386
63 0.000000000 0.901201189 0.098798841
64 0.000000000 0.033216275 0.966783702
65 0.000000000 0.377264172 0.622735858
66 0.000000000 0.487843513 0.512156487
67 0.000000000 0.600362659 0.399637341
68 0.000000000 0.758888841 0.241111144
69 0.000000000 0.710740685 0.289259344
70 0.000000000 0.389532745 0.610467255
71 0.000000000 0.538397491 0.461602539
72 0.000000000 0.002146361 0.997853637
73 0.000000000 0.521850228 0.478149772
74 0.000000000 0.347928166 0.652071834
75 0.000000000 0.384357095 0.615642905
76 0.000000000 0.553337395 0.446662635
77 0.000000000 0.471728027 0.528271973
78 0.000000000 0.745904982 0.254094988
79 0.000000000 0.001096363 0.998903632
80 0.000000000 0.903995216 0.096004806
81 0.000000000 0.971222460 0.028777547
82 0.000000000 0.970508695 0.029491279
83 0.000000000 0.949091375 0.050908655
84 0.000000000 0.966697693 0.033302318
85 0.000000000 0.979777515 0.020222504
86 0.000000000 0.000241652 0.999758363
87 0.000000000 1.000000000 0.000000000
88 0.000000000 1.000000000 0.000000000
89 0.000000000 1.000000000 0.000000000
90 0.000000000 0.999269187 0.000730798
91 0.000000000 0.998638213 0.001361789
92 0.000000000 0.999944925 0.000055059
93 0.000000000 0.000569303 0.999430716
94 0.000000000 0.799774051 0.200225964
95 0.000000000 0.904933631 0.095066383
96 0.000000000 0.630180418 0.369819582
97 0.000000000 0.890329897 0.109670132
98 0.000000000 0.953112185 0.046887800
99 0.000000000 0.947902501 0.052097518
100 0.000000000 0.000444241 0.999555767
101 0.000000000 0.004361143 0.995638847
102 0.000000000 0.521641374 0.478358656
103 0.000000000 0.286483079 0.713516951
104 0.000000000 0.346208662 0.653791368
105 0.000000000 0.313233048 0.686766982
106 0.000000000 0.246695444 0.753304541
107 0.000000000 0.253144234 0.746855795
108 0.000000000 0.001475927 0.998524070
109 0.992008924 0.000000000 0.007991089
110 1.000000000 0.000000000 0.000000000
111 1.000000000 0.000000000 0.000000000
112 0.987868369 0.000000000 0.012131619
113 1.000000000 0.000000000 0.000000000
114 0.958302915 0.000000000 0.041697092
115 0.000000000 0.002487110 0.997512877
116 0.957113564 0.002787509 0.040098939
117 0.952846706 0.002418658 0.044734642
118 0.950563967 0.001999071 0.047436964
119 0.965775549 0.000000000 0.034224480
120 0.956759989 0.009572631 0.033667404
121 0.934363306 0.039914224 0.025722492
122 0.000000000 0.002422012 0.997577965
123 0.876273632 0.092391171 0.031335205
124 0.697662055 0.245902583 0.056435332
125 0.744463682 0.250204772 0.005331516
126 0.756922603 0.168846428 0.074230939
127 0.780778289 0.194991723 0.024229996
128 0.796402216 0.176970065 0.026627701
129 0.000000000 0.023467213 0.976532817
130 0.384857744 0.582329869 0.032812398
131 0.533425391 0.457287341 0.009287236
132 0.295760542 0.702671945 0.001567493
133 0.442709982 0.550709069 0.006580969
134 0.480295897 0.516139090 0.003565040
135 0.320847362 0.670134604 0.009018016
136 0.000000000 0.007469609 0.992530406
137 0.000093978 0.728026807 0.271879226
138 0.098080173 0.497479260 0.404440552
139 0.053621411 0.467795044 0.478583544
140 0.225128815 0.454698801 0.320172369
141 0.182606086 0.434169620 0.383224308
142 0.008557549 0.418591797 0.572850645
143 0.000000000 0.328353673 0.671646297
144 0.000000000 0.000264419 0.999735594
145 0.999665380 0.000261011 0.000073631
146 0.999282897 0.000334569 0.000382563
147 0.999264896 0.000310129 0.000424955
148 0.999544322 0.000318303 0.000137378
149 0.999573290 0.000112263 0.000314447
150 0.963370860 0.000254268 0.036374871
151 0.000000000 0.000000000 1.000000000
152 0.998441100 0.001326127 0.000232777
153 0.982844830 0.017070778 0.000084391
154 0.869940519 0.021954970 0.108104505
155 0.865924835 0.091928110 0.042147044
156 0.904106796 0.058215298 0.037677925
157 0.951231837 0.048702709 0.000065436
158 0.000000000 0.000454200 0.999545813
159 0.899897575 0.100031883 0.000070565
160 0.780307055 0.179269746 0.040423188
161 0.815355241 0.158408403 0.026236342
162 0.734426796 0.264820755 0.000752445
163 0.879800856 0.119925983 0.000273187
164 0.903965175 0.095418513 0.000616314
165 0.000000000 0.000000000 1.000000000
166 0.402936697 0.558585048 0.038478285
167 0.555695534 0.411823958 0.032480516
168 0.171663687 0.822704077 0.005632253
169 0.268062800 0.729721010 0.002216186
170 0.431831986 0.567868292 0.000299719
171 0.407714307 0.591695130 0.000590553
172 0.000000000 0.000000000 1.000000000
173 0.000000000 0.807775140 0.192224845
174 0.000000000 0.975572824 0.024427177
175 0.000910214 0.987498820 0.011590963
176 0.010628936 0.988734961 0.000636126
177 0.003768532 0.991526783 0.004704657
178 0.044521853 0.931703508 0.023774611
179 0.000000000 0.000000000 1.000000000
180 0.000000000 1.000000000 0.000000000
181 1.000000000 0.000000000 0.000000000
182 1.000000000 0.000000000 0.000000000
183 1.000000000 0.000000000 0.000000000
184 0.999357104 0.000642902 0.000000000
185 0.999697387 0.000302616 0.000000000
186 0.998481214 0.001518813 0.000000000
187 0.000000000 1.000000000 0.000000000
188 0.995324314 0.004675677 0.000000000
189 0.992387652 0.007612361 0.000000000
190 0.997900784 0.002099210 0.000000000
191 1.000000000 0.000000000 0.000000000
192 0.999400139 0.000599862 0.000000000
193 0.997337461 0.002662523 0.000000000
194 0.000000000 1.000000000 0.000000000
195 0.622147799 0.377852201 0.000000000
196 0.980517507 0.019482495 0.000000000
197 0.993566573 0.006433450 0.000000000
198 1.000000000 0.000000000 0.000000000
199 0.910863400 0.089136623 0.000000000
200 0.500000000 0.500000000 0.000000000
201 0.000000000 1.000000000 0.000000000
202 0.691294134 0.308705866 0.000000000
203 0.917465925 0.082534075 0.000000000
204 0.939319730 0.060680281 0.000000000
205 0.787001550 0.212998435 0.000000000
206 1.000000000 0.000000000 0.000000000
207 0.986084998 0.013915001 0.000000000
208 0.000000000 1.000000000 0.000000000
209 0.215041995 0.784958005 0.000000000
210 0.205914885 0.794085085 0.000000000
211 0.178766891 0.821233094 0.000000000
212 0.623911381 0.376088649 0.000000000
213 0.789493263 0.210506707 0.000000000
214 0.513712943 0.486287057 0.000000000
215 0.000000000 1.000000000 0.000000000
216 0.000000000 1.000000000 0.000000000
217 1.000000000 0.000000000 0.000000000
218 1.000000000 0.000000000 0.000000000
219 1.000000000 0.000000000 0.000000000
220 1.000000000 0.000000000 0.000000000
221 1.000000000 0.000000000 0.000000000
222 1.000000000 0.000000000 0.000000000
223 0.000000000 1.000000000 0.000000000
224 1.000000000 0.000000000 0.000000000
225 1.000000000 0.000000000 0.000000000
226 0.934449792 0.065550186 0.000000000
227 0.988835454 0.011164539 0.000000000
228 1.000000000 0.000000000 0.000000000
229 0.999077201 0.000922819 0.000000000
230 0.000000000 1.000000000 0.000000000
231 0.500000000 0.500000000 0.000000000
232 0.500000000 0.500000000 0.000000000
233 0.500000000 0.500000000 0.000000000
234 0.000529999 0.999469995 0.000000000
235 0.063534915 0.936465085 0.000000000
236 0.000000000 1.000000000 0.000000000
237 0.000000000 1.000000000 0.000000000
238 0.945430994 0.054568995 0.000000000
239 0.771492779 0.228507221 0.000000000
240 0.970398009 0.029601974 0.000000000
241 0.948370397 0.051629577 0.000000000
242 0.937425971 0.062574029 0.000000000
243 0.949927270 0.050072715 0.000000000
244 0.000000000 1.000000000 0.000000000
245 0.151632041 0.848367989 0.000000000
246 0.000000000 1.000000000 0.000000000
247 0.000000000 1.000000000 0.000000000
248 0.000000000 1.000000000 0.000000000
249 0.000000000 1.000000000 0.000000000
250 0.000000000 1.000000000 0.000000000
251 0.000000000 1.000000000 0.000000000
252 0.000000000 0.199287802 0.800712228
253 0.000000000 0.108968951 0.891031027
254 0.000000000 0.550327837 0.449672163
255 0.000000000 0.492687255 0.507312775
256 0.000000000 0.825488925 0.174511060
257 0.000000000 0.495523602 0.504476428
258 0.000000000 0.082080826 0.917919159
259 0.000000000 0.051578555 0.948421419
260 0.000000000 0.547240317 0.452759683
261 0.000000000 0.551915944 0.448084056
262 0.000000000 0.843419492 0.156580523
263 0.000000000 0.722870767 0.277129233
264 0.000000000 0.610644042 0.389355958
265 0.000000000 0.057432283 0.942567706
266 0.000000000 0.193947509 0.806052506
267 0.000000000 0.794827104 0.205172867
268 0.000000000 0.914772213 0.085227795
269 0.000000000 0.854450285 0.145549685
270 0.000000000 0.809826612 0.190173417
271 0.000000000 0.607449651 0.392550319
272 0.000000000 0.845432043 0.154567927
273 0.000000000 0.157159075 0.842840910
274 0.000000000 0.997996688 0.002003321
275 0.000000000 0.924538314 0.075461678
276 0.000000000 0.638643384 0.361356646
277 0.000000000 0.343324989 0.656674981
278 0.000000000 0.699070871 0.300929129
279 0.000000000 0.667968452 0.332031548
280 0.000000000 0.161329895 0.838670075
281 0.000000000 0.438960642 0.561039329
282 0.000000000 0.052195232 0.947804749
283 0.000000000 0.029880574 0.970119417
284 0.000000000 0.066818491 0.933181524
285 0.000000000 0.141904145 0.858095884
286 0.000000000 0.709584296 0.290415704
287 0.000000000 0.083256461 0.916743517
288 0.000000000 0.000000000 1.000000000
289 0.000000000 0.010369647 0.989630342
290 0.000000000 0.003166066 0.996833920
291 0.000000000 0.001914982 0.998085022
292 0.000000000 0.010779684 0.989220321
293 0.000000000 0.003746218 0.996253788
294 0.000000000 0.136730164 0.863269866
295 0.000000000 0.000000000 1.000000000
296 0.000000000 0.131304353 0.868695676
297 0.000000000 0.462717146 0.537282884
298 0.000000000 0.452615678 0.547384322
299 0.000000000 0.241325259 0.758674741
300 0.000000000 0.716732860 0.283267170
301 0.000000000 0.719525933 0.280474067
302 0.000000000 0.000006320 0.999993682
303 0.000000000 0.778751314 0.221248686
304 0.000000000 0.962304890 0.037695080
305 0.000000000 0.744265616 0.255734384
306 0.000000000 0.981725574 0.018274417
307 0.000000000 0.999374151 0.000625853
308 0.000000000 0.924628913 0.075371072
309 0.000000000 0.000403927 0.999596059
310 0.000000000 0.996354640 0.003645364
311 0.000000000 0.867988765 0.132011250
312 0.000000000 0.998789072 0.001210913
313 0.000000000 0.965100408 0.034899600
314 0.000000000 0.981739759 0.018260226
315 0.000000000 0.976081014 0.023918994
316 0.000000000 0.000232878 0.999767125
317 0.000000000 0.326583982 0.673416018
318 0.000000000 0.166352406 0.833647609
319 0.000000000 0.041512631 0.958487391
320 0.000000000 0.023093030 0.976906955
321 0.000000000 0.033806909 0.966193080
322 0.000000000 0.180911213 0.819088817
323 0.000000000 0.000436477 0.999563515
324 0.000000000 0.000000000 1.000000000
325 0.999309480 0.000000000 0.000690523
326 0.999309480 0.000000000 0.000690523
327 1.000000000 0.000000000 0.000000000
328 1.000000000 0.000000000 0.000000000
329 1.000000000 0.000000000 0.000000000
330 1.000000000 0.000000000 0.000000000
331 0.000000000 0.002354995 0.997645020
332 0.932290256 0.028288450 0.039421324
333 0.451057315 0.036685213 0.512257457
334 0.944399953 0.033258658 0.022341404
335 0.430375159 0.057564579 0.512060285
336 0.970432580 0.029567441 0.000000000
337 0.998770535 0.000496891 0.000732573
338 0.000000000 0.000051992 0.999948025
339 0.740059793 0.157330170 0.102610052
340 0.639032602 0.222436190 0.138531178
341 0.430707574 0.389397383 0.179895043
342 0.678800106 0.315042585 0.006157328
343 0.749284506 0.250715494 0.000000000
344 0.687894762 0.308877558 0.003227692
345 0.000000000 0.000216027 0.999783993
346 0.441782713 0.506160736 0.052056536
347 0.313532203 0.594221592 0.092246227
348 0.160565853 0.839070678 0.000363500
349 0.382500589 0.617393076 0.000106360
350 0.425229609 0.574388385 0.000382010
351 0.405977279 0.593302727 0.000719982
352 0.000000000 0.000085067 0.999914944
353 0.001189069 0.984299242 0.014511699
354 0.000079638 0.988180220 0.011740116
355 0.000039007 0.984070539 0.015890477
356 0.000091605 0.807794929 0.192113474
357 0.000029671 0.718205452 0.281764865
358 0.000029427 0.904503942 0.095466658
359 0.000000000 0.000189780 0.999810219
360 0.000000000 0.000000000 1.000000000
361 0.988079190 0.000316719 0.011604074
362 0.997573733 0.000000000 0.002426289
363 0.997238219 0.000132132 0.002629660
364 0.998240948 0.000219122 0.001539926
365 0.998000741 0.000000000 0.001999244
366 0.987480819 0.000723841 0.011795355
367 0.000000000 0.000000000 1.000000000
368 0.998177052 0.000046847 0.001776126
369 0.941027761 0.033688884 0.025283344
370 0.998551726 0.000301225 0.001147031
371 0.782096624 0.023909612 0.193993747
372 0.995393038 0.000453574 0.004153404
373 0.952678382 0.006374563 0.040947035
374 0.000000000 0.000000000 1.000000000
375 0.958716989 0.038661797 0.002621236
376 0.975028872 0.019369872 0.005601257
377 0.977127850 0.018234504 0.004637664
378 0.864750504 0.135244980 0.000004544
379 0.569842815 0.430157185 0.000000000
380 0.841116846 0.155318320 0.003564819
381 0.000000000 0.000000000 1.000000000
382 0.711073458 0.285906643 0.003019862
383 0.251903415 0.553912640 0.194183975
384 0.313088417 0.677385807 0.009525738
385 0.050540235 0.927465677 0.021994120
386 0.352446735 0.639287889 0.008265408
387 0.310900658 0.686396480 0.002702838
388 0.000000000 0.000000000 1.000000000
389 0.000000000 0.778867185 0.221132785
390 0.000000000 0.864877701 0.135122299
391 0.000000000 0.862919450 0.137080550
392 0.000000000 0.951213956 0.048786048
393 0.000000000 0.982947171 0.017052818
394 0.015142825 0.977102101 0.007755069
395 0.000000000 0.000000000 1.000000000
396 0.000000000 1.000000000 0.000000000
397 1.000000000 0.000000000 0.000000000
398 1.000000000 0.000000000 0.000000000
399 1.000000000 0.000000000 0.000000000
400 1.000000000 0.000000000 0.000000000
401 1.000000000 0.000000000 0.000000000
402 1.000000000 0.000000000 0.000000000
403 0.000000000 1.000000000 0.000000000
404 1.000000000 0.000000000 0.000000000
405 0.999998391 0.000001630 0.000000000
406 1.000000000 0.000000000 0.000000000
407 1.000000000 0.000000000 0.000000000
408 1.000000000 0.000000000 0.000000000
409 1.000000000 0.000000000 0.000000000
410 0.000000000 1.000000000 0.000000000
411 0.999787748 0.000212269 0.000000000
412 0.999992371 0.000007617 0.000000000
413 1.000000000 0.000000000 0.000000000
414 0.941425800 0.058574222 0.000000000
415 1.000000000 0.000000000 0.000000000
416 1.000000000 0.000000000 0.000000000
417 0.000000000 1.000000000 0.000000000
418 0.000000000 1.000000000 0.000000000
419 0.827361047 0.172638968 0.000000000
420 0.908439994 0.091560028 0.000000000
421 0.788111448 0.211888537 0.000000000
422 0.957981348 0.042018622 0.000000000
423 0.993866622 0.006133401 0.000000000
424 0.000000000 1.000000000 0.000000000
425 0.548656642 0.451343358 0.000000000
426 0.000000000 1.000000000 0.000000000
427 0.000000000 1.000000000 0.000000000
428 0.075359710 0.924640298 0.000000000
429 0.166979954 0.833020031 0.000000000
430 0.380696148 0.619303882 0.000000000
431 0.000000000 1.000000000 0.000000000
432 0.000000000 1.000000000 0.000000000
433 1.000000000 0.000000000 0.000000000
434 1.000000000 0.000000000 0.000000000
435 1.000000000 0.000000000 0.000000000
436 1.000000000 0.000000000 0.000000000
437 1.000000000 0.000000000 0.000000000
438 1.000000000 0.000000000 0.000000000
439 0.000000000 1.000000000 0.000000000
440 0.982558966 0.017441032 0.000000000
441 1.000000000 0.000000000 0.000000000
442 0.971543312 0.028456710 0.000000000
443 0.989970684 0.010029307 0.000000000
444 1.000000000 0.000000000 0.000000000
445 1.000000000 0.000000000 0.000000000
446 0.000000000 1.000000000 0.000000000
447 0.912608862 0.087391168 0.000000000
448 0.986400664 0.013599307 0.000000000
449 0.433588952 0.566411018 0.000000000
450 0.956312001 0.043688022 0.000000000
451 0.610402048 0.389597982 0.000000000
452 0.993521273 0.006478753 0.000000000
453 0.000000000 1.000000000 0.000000000
454 0.630119860 0.369880170 0.000000000
455 0.207941011 0.792059004 0.000000000
456 0.000000000 1.000000000 0.000000000
457 1.000000000 0.000000000 0.000000000
458 0.933033407 0.066966571 0.000000000
459 0.842959344 0.157040656 0.000000000
460 0.000000000 1.000000000 0.000000000
461 0.315242857 0.684757113 0.000000000
462 0.040645443 0.959354579 0.000000000
463 0.046064090 0.953935921 0.000000000
464 0.178154558 0.821845472 0.000000000
465 0.287535757 0.712464213 0.000000000
466 0.299603820 0.700396180 0.000000000
467 0.000000000 1.000000000 0.000000000
468 0.000000000 0.529195666 0.470804304
469 0.000000000 1.000000000 0.000000000
470 0.000000000 0.000000000 1.000000000
471 0.000000000 0.000000000 1.000000000
472 0.000000000 0.000000000 1.000000000
473 0.000000000 0.000000000 1.000000000
474 0.000000000 0.999946356 0.000053670
475 0.000000000 0.980680704 0.019319301
476 0.000000000 0.969668627 0.030331399
477 0.000000000 0.997653186 0.002346792
478 0.000000000 0.214502364 0.785497665
479 0.000000000 0.960411906 0.039588105
480 0.000000000 0.986961961 0.013038051
481 0.000000000 0.987550557 0.012449446
482 0.000000000 0.994545698 0.005454280
483 0.000000000 0.999411404 0.000588606
484 0.000000000 0.712129414 0.287870616
485 0.000000000 0.999164462 0.000835529
486 0.000000000 0.999949634 0.000050377
487 0.000000000 0.999383092 0.000616908
488 0.000000000 0.993252575 0.006747450
489 0.000000000 0.967947245 0.032052759
490 0.000000000 0.845937669 0.154062331
491 0.000000000 0.999383092 0.000616908
492 0.000000000 1.000000000 0.000000000
493 0.000000000 1.000000000 0.000000000
494 0.000000000 0.993724287 0.006275703
495 0.000000000 0.969138086 0.030861916
496 0.000000000 0.391114563 0.608885407
497 0.000000000 0.996178389 0.003821631
498 0.000000000 0.877230346 0.122769669
499 0.000000000 0.887000918 0.112999089
500 0.000000000 0.844745040 0.155254975
501 0.000000000 0.955901325 0.044098698
502 0.000000000 0.887000918 0.112999089
503 0.000000000 0.852822304 0.147177726
504 0.000000000 0.001099370 0.998900652
505 0.000000000 0.167703018 0.832296968
506 0.000000000 0.657655060 0.342344940
507 0.000000000 0.762589335 0.237410665
508 0.000000000 0.568178713 0.431821287
509 0.000000000 0.853176534 0.146823481
510 0.000000000 0.005484439 0.994515538
511 0.000000000 0.001481207 0.998518765
512 0.000000000 0.499283075 0.500716925
513 0.000000000 0.690860093 0.309139937
514 0.000000000 0.512841463 0.487158567
515 0.000000000 0.718737781 0.281262249
516 0.000000000 0.031507988 0.968492031
517 0.000000000 0.472529948 0.527470052
518 0.000000000 0.002217181 0.997782826
519 0.000000000 0.983962119 0.016037898
520 0.000000000 0.873534203 0.126465783
521 0.000000000 0.920807958 0.079192057
522 0.000000000 0.676514328 0.323485672
523 0.000000000 0.906395316 0.093604706
524 0.000000000 0.944306016 0.055693958
525 0.000000000 0.002272410 0.997727573
526 0.000000000 0.957656085 0.042343896
527 0.000000000 0.985470593 0.014529404
528 0.000000000 0.358352393 0.641647577
529 0.000000000 0.607890546 0.392109454
530 0.000000000 0.969831347 0.030168680
531 0.000000000 0.965318322 0.034681667
532 0.000000000 0.000293133 0.999706864
533 0.000000000 0.370361805 0.629638195
534 0.000000000 0.003648552 0.996351421
535 0.000000000 0.001493328 0.998506665
536 0.000000000 0.001062615 0.998937368
537 0.000000000 0.084975585 0.915024400
538 0.000000000 0.603920877 0.396079093
539 0.000000000 0.000473727 0.999526262
540 0.000000000 0.001567074 0.998432934
541 0.951961935 0.000308756 0.047729328
542 0.999110758 0.000000000 0.000889238
543 1.000000000 0.000000000 0.000000000
544 0.994084358 0.000000000 0.005915640
545 0.988503575 0.000000000 0.011496444
546 0.961322367 0.000552132 0.038125493
547 0.000000000 0.002546946 0.997453034
548 0.959011972 0.002181066 0.038806938
549 0.986098468 0.004531490 0.009370062
550 0.987826049 0.002242462 0.009931479
551 0.977155685 0.007442981 0.015401319
552 0.970621824 0.007946534 0.021431632
553 0.977096021 0.002819939 0.020084016
554 0.000000000 0.004532904 0.995467067
555 0.911233366 0.086618505 0.002148124
556 0.954273403 0.033000100 0.012726486
557 0.882363021 0.112534158 0.005102840
558 0.558544338 0.357641578 0.083814070
559 0.584816456 0.307609946 0.107573606
560 0.720735908 0.271165311 0.008098770
561 0.000000000 0.006718508 0.993281484
562 0.580548823 0.404160142 0.015291050
563 0.396474808 0.587570190 0.015954984
564 0.441469908 0.543530226 0.014999881
565 0.434083074 0.553280890 0.012636050
566 0.478368819 0.514657915 0.006973236
567 0.549425960 0.447826743 0.002747294
568 0.000000000 0.020756718 0.979243279
569 0.033636067 0.925604463 0.040759467
570 0.000000000 0.621458411 0.378541589
571 0.000000000 0.721469522 0.278530478
572 0.000000000 0.903892219 0.096107759
573 0.000000000 0.970268011 0.029731981
574 0.347593725 0.639129460 0.013276830
575 0.000000000 0.001742759 0.998257220
576 0.000000000 0.240585983 0.759414017
577 0.000000000 0.000000000 1.000000000
578 0.333333343 0.333333343 0.333333343
579 0.333333343 0.333333343 0.333333343
580 0.333333343 0.333333343 0.333333343
581 0.333333343 0.333333343 0.333333343
582 0.994289875 0.000000000 0.005710115
583 0.000000000 0.001465720 0.998534262
584 0.990453720 0.000000000 0.009546258
585 0.774170876 0.015901666 0.209927440
586 0.988007963 0.000000000 0.011992016
587 0.983481705 0.016518274 0.000000000
588 0.973345339 0.026024085 0.000630603
589 0.792550921 0.179317415 0.028131675
590 0.000000000 0.000532627 0.999467373
591 0.785384595 0.148922801 0.065692604
592 0.550109744 0.289473057 0.160417184
593 0.777411103 0.211772874 0.010816035
594 0.855899096 0.091162078 0.052938838
595 0.719117224 0.280882806 0.000000000
596 0.678092659 0.229923218 0.091984130
597 0.000000000 0.000277470 0.999722540
598 0.683424890 0.289632380 0.026942724
599 0.492719650 0.505117536 0.002162818
600 0.284448236 0.715123653 0.000428115
601 0.163622484 0.835950494 0.000427042
602 0.286802441 0.653933704 0.059263829
603 0.291320592 0.634383380 0.074296013
604 0.000000000 0.000380441 0.999619544
605 0.069401264 0.913231373 0.017367365
606 0.000000000 0.980292082 0.019707922
607 0.000000000 0.687192023 0.312807947
608 0.000000000 0.264185488 0.735814512
609 0.000000000 0.636425376 0.363574654
610 0.000000000 0.824962497 0.175037533
611 0.000000000 0.009998718 0.990001261
612 0.000000000 1.000000000 0.000000000
613 0.500000000 0.500000000 0.000000000
614 0.872682929 0.127317071 0.000000000
615 0.872682929 0.127317071 0.000000000
616 0.872682929 0.127317071 0.000000000
617 0.872682929 0.127317071 0.000000000
618 1.000000000 0.000000000 0.000000000
619 0.000000000 1.000000000 0.000000000
620 0.952610075 0.047389939 0.000000000
621 0.387502789 0.612497211 0.000000000
622 0.998170078 0.001829927 0.000000000
623 0.963691056 0.036308967 0.000000000
624 0.966115654 0.033884339 0.000000000
625 1.000000000 0.000000000 0.000000000
626 0.000000000 1.000000000 0.000000000
627 0.000000000 1.000000000 0.000000000
628 0.997955322 0.002044688 0.000000000
629 0.295529574 0.704470396 0.000000000
630 1.000000000 0.000000000 0.000000000
631 0.564640820 0.435359210 0.000000000
632 0.908571661 0.091428362 0.000000000
633 0.000000000 1.000000000 0.000000000
634 0.997739017 0.002260978 0.000000000
635 0.000000000 1.000000000 0.000000000
636 0.500000000 0.500000000 0.000000000
637 0.500000000 0.500000000 0.000000000
638 1.000000000 0.000000000 0.000000000
639 0.994521976 0.005478037 0.000000000
640 0.000000000 1.000000000 0.000000000
641 0.000000000 1.000000000 0.000000000
642 0.000000000 1.000000000 0.000000000
643 0.000000000 1.000000000 0.000000000
644 0.000000000 1.000000000 0.000000000
645 0.000000000 1.000000000 0.000000000
646 0.000000000 1.000000000 0.000000000
647 0.000000000 1.000000000 0.000000000
648 0.000000000 1.000000000 0.000000000
649 0.998301625 0.001698375 0.000000000
650 1.000000000 0.000000000 0.000000000
651 1.000000000 0.000000000 0.000000000
652 1.000000000 0.000000000 0.000000000
653 0.993552625 0.006447360 0.000000000
654 1.000000000 0.000000000 0.000000000
655 0.000000000 1.000000000 0.000000000
656 0.996514261 0.003485762 0.000000000
657 0.990636647 0.009363362 0.000000000
658 0.999922693 0.000077320 0.000000000
659 0.994838834 0.005161168 0.000000000
660 0.997156322 0.002843707 0.000000000
661 0.992786646 0.007213332 0.000000000
662 0.000000000 1.000000000 0.000000000
663 0.354272991 0.645726979 0.000000000
664 0.985722840 0.014277157 0.000000000
665 0.944187701 0.055812281 0.000000000
666 0.944923878 0.055076115 0.000000000
667 0.882604837 0.117395133 0.000000000
668 0.687000513 0.312999517 0.000000000
669 0.000000000 1.000000000 0.000000000
670 0.697839499 0.302160472 0.000000000
671 0.000000000 1.000000000 0.000000000
672 0.859519005 0.140480965 0.000000000
673 0.974287987 0.025711991 0.000000000
674 0.841620684 0.158379331 0.000000000
675 0.902608335 0.097391687 0.000000000
676 0.000000000 1.000000000 0.000000000
677 0.224496841 0.775503159 0.000000000
678 0.063058689 0.936941326 0.000000000
679 0.000000000 1.000000000 0.000000000
680 0.138092220 0.861907780 0.000000000
681 0.243632555 0.756367445 0.000000000
682 0.425576210 0.574423790 0.000000000
683 0.000000000 1.000000000 0.000000000
684 0.000000000 0.955411077 0.044588912
685 0.000000000 0.216799125 0.783200860
686 0.000000000 0.154276475 0.845723510
687 0.000000000 0.371132076 0.628867924
688 0.000000000 0.622223616 0.377776414
689 0.000000000 0.125053331 0.874946654
690 0.000000000 0.012352301 0.987647712
691 0.000000000 0.977487862 0.022512125
692 0.000000000 0.102914371 0.897085607
693 0.000000000 0.068548478 0.931451499
694 0.000000000 0.064729519 0.935270488
695 0.000000000 0.800644457 0.199355513
696 0.000000000 0.263140231 0.736859798
697 0.000000000 0.130470902 0.869529068
698 0.000000000 0.961172104 0.038827877
699 0.000000000 0.652671337 0.347328633
700 0.000000000 0.989869118 0.010130886
701 0.000000000 0.824532270 0.175467744
702 0.000000000 0.636210799 0.363789201
703 0.000000000 0.301738173 0.698261857
704 0.000000000 0.325610280 0.674389720
705 0.000000000 0.823370874 0.176629111
706 0.000000000 1.000000000 0.000000000
707 0.000000000 0.840100110 0.159899890
708 0.000000000 0.903339684 0.096660301
709 0.000000000 0.838450313 0.161549702
710 0.000000000 0.763377368 0.236622646
711 0.000000000 0.908466637 0.091533341
712 0.000000000 0.113863833 0.886136174
713 0.000000000 0.851653874 0.148346141
714 0.000000000 0.604953885 0.395046145
715 0.000000000 0.460344821 0.539655149
716 0.000000000 0.443244189 0.556755781
717 0.000000000 0.623804629 0.376195371
718 0.000000000 0.929921091 0.070078924
719 0.000000000 0.423698306 0.576301694
720 0.000000000 0.000000000 1.000000000
721 0.000000000 0.101648681 0.898351312
722 0.000000000 0.116940215 0.883059800
723 0.000000000 0.376187950 0.623812020
724 0.000000000 0.760222912 0.239777058
725 0.000000000 0.328983992 0.671016037
726 0.000000000 0.003475143 0.996524870
727 0.000000000 0.000051424 0.999948561
728 0.000000000 0.328991979 0.671008050
729 0.000000000 0.329145789 0.670854211
730 0.000000000 0.965101182 0.034898799
731 0.000000000 0.605470419 0.394529611
732 0.000000000 0.497935176 0.502064824
733 0.000000000 0.710768521 0.289231449
734 0.000000000 0.000000000 1.000000000
735 0.000000000 0.905938447 0.094061561
736 0.000000000 0.998393238 0.001606748
737 0.000000000 0.900328279 0.099671707
738 0.000000000 0.834340334 0.165659681
739 0.000000000 0.793428302 0.206571728
740 0.000000000 0.802422702 0.197577283
741 0.000000000 0.000000000 1.000000000
742 0.000000000 0.998292983 0.001707034
743 0.000000000 0.949411452 0.050588544
744 0.000000000 0.997546673 0.002453351
745 0.000000000 0.968701124 0.031298902
746 0.000000000 0.988653183 0.011346837
747 0.000000000 0.991986156 0.008013831
748 0.000000000 0.000000000 1.000000000
749 0.000000000 0.929617405 0.070382573
750 0.000000000 0.005532844 0.994467139
751 0.000000000 0.012894820 0.987105191
752 0.000000000 0.043808222 0.956191778
753 0.000000000 0.327647418 0.672352612
754 0.000000000 0.782240689 0.217759281
755 0.000000000 0.000000000 1.000000000
756 0.000000000 0.000000000 1.000000000
757 0.703669369 0.000000000 0.296330631
758 0.643142521 0.000000000 0.356857449
759 0.965357721 0.000000000 0.034642268
760 1.000000000 0.000000000 0.000000000
761 0.950692773 0.000000000 0.049307212
762 0.982248724 0.000503182 0.017248090
763 0.000000000 0.000147214 0.999852777
764 0.670086026 0.000824735 0.329089224
765 0.986251473 0.000532212 0.013216319
766 0.951263130 0.047788132 0.000948758
767 0.918433607 0.062914707 0.018651683
768 0.962470949 0.001606748 0.035922293
769 0.975030363 0.001009724 0.023959912
770 0.000000000 0.000000000 1.000000000
771 0.979594350 0.018760055 0.001645605
772 0.964982510 0.033785515 0.001231976
773 0.909400344 0.088992938 0.001606748
774 0.896181345 0.097233452 0.006585211
775 0.805399299 0.187366381 0.007234351
776 0.874650955 0.125349045 0.000000000
777 0.000000000 0.001325670 0.998674333
778 0.867780328 0.130894005 0.001325670
779 0.550722957 0.447951376 0.001325670
780 0.588734150 0.403362393 0.007903445
781 0.460003942 0.537701249 0.002294840
782 0.456890821 0.541437507 0.001671691
783 0.534633934 0.464384109 0.000981929
784 0.000000000 0.000000000 1.000000000
785 0.078497022 0.914206266 0.007296721
786 0.000000000 0.526984513 0.473015487
787 0.000000000 0.384025246 0.615974784
788 0.000000000 0.413852721 0.586147308
789 0.000000000 0.843934417 0.156065568
790 0.000000000 0.991124094 0.008875893
791 0.000000000 0.000000000 1.000000000
792 0.000000000 0.000000000 1.000000000
793 0.999944806 0.000053295 0.000001903
794 1.000000000 0.000000000 0.000000000
795 1.000000000 0.000000000 0.000000000
796 1.000000000 0.000000000 0.000000000
797 1.000000000 0.000000000 0.000000000
798 0.000000000 0.000000000 1.000000000
799 0.000000000 0.000000000 1.000000000
800 1.000000000 0.000000000 0.000000000
801 1.000000000 0.000000000 0.000000000
802 1.000000000 0.000000000 0.000000000
803 1.000000000 0.000000000 0.000000000
804 0.961500049 0.000000000 0.038499951
805 0.938478649 0.000000000 0.061521355
806 0.000000000 0.000000000 1.000000000
807 1.000000000 0.000000000 0.000000000
808 1.000000000 0.000000000 0.000000000
809 1.000000000 0.000000000 0.000000000
810 1.000000000 0.000000000 0.000000000
811 0.988036275 0.011963736 0.000000000
812 0.980301499 0.019698491 0.000000000
813 0.000000000 0.000000000 1.000000000
814 0.991013587 0.008986391 0.000000000
815 0.537610054 0.453027785 0.009362134
816 0.811782002 0.188217968 0.000000000
817 0.592119038 0.407190651 0.000690307
818 0.767431617 0.231491491 0.001076864
819 0.649285376 0.350714594 0.000000000
820 0.000000000 0.000000000 1.000000000
821 0.172849253 0.815441608 0.011709142
822 0.000000000 0.877394319 0.122605681
823 0.000000000 0.811872065 0.188127935
824 0.000000000 0.746536434 0.253463566
825 0.000000000 0.890959978 0.109040007
826 0.017184157 0.979069829 0.003745994
827 0.000000000 0.000000000 1.000000000
828 0.000000000 1.000000000 0.000000000
829 0.992526770 0.007473230 0.000000000
830 1.000000000 0.000000000 0.000000000
831 1.000000000 0.000000000 0.000000000
832 1.000000000 0.000000000 0.000000000
833 1.000000000 0.000000000 0.000000000
834 1.000000000 0.000000000 0.000000000
835 0.000000000 1.000000000 0.000000000
836 0.971334755 0.028665269 0.000000000
837 1.000000000 0.000000000 0.000000000
838 1.000000000 0.000000000 0.000000000
839 1.000000000 0.000000000 0.000000000
840 1.000000000 0.000000000 0.000000000
841 0.997580111 0.002419860 0.000000000
842 0.000000000 1.000000000 0.000000000
843 1.000000000 0.000000000 0.000000000
844 0.000000000 1.000000000 0.000000000
845 0.942263544 0.057736456 0.000000000
846 1.000000000 0.000000000 0.000000000
847 1.000000000 0.000000000 0.000000000
848 1.000000000 0.000000000 0.000000000
849 0.000000000 1.000000000 0.000000000
850 0.500000000 0.500000000 0.000000000
851 1.000000000 0.000000000 0.000000000
852 0.952035904 0.047964089 0.000000000
853 0.968110263 0.031889740 0.000000000
854 0.985760152 0.014239850 0.000000000
855 0.938482046 0.061517932 0.000000000
856 0.000000000 1.000000000 0.000000000
857 0.903688729 0.096311249 0.000000000
858 0.000000000 1.000000000 0.000000000
859 0.000000000 1.000000000 0.000000000
860 0.000000000 1.000000000 0.000000000
861 0.000000000 1.000000000 0.000000000
862 0.483221114 0.516778886 0.000000000
863 0.000000000 1.000000000 0.000000000
864 0.000000000 1.000000000 0.000000000
865 1.000000000 0.000000000 0.000000000
866 1.000000000 0.000000000 0.000000000
867 1.000000000 0.000000000 0.000000000
868 1.000000000 0.000000000 0.000000000
869 1.000000000 0.000000000 0.000000000
870 1.000000000 0.000000000 0.000000000
871 0.000000000 1.000000000 0.000000000
872 0.998937607 0.001062375 0.000000000
873 0.999717057 0.000282970 0.000000000
874 0.993381798 0.006618201 0.000000000
875 0.999233246 0.000766770 0.000000000
876 1.000000000 0.000000000 0.000000000
877 0.980521023 0.019479001 0.000000000
878 0.000000000 1.000000000 0.000000000
879 0.980790257 0.019209718 0.000000000
880 0.000000000 1.000000000 0.000000000
881 0.983475208 0.016524786 0.000000000
882 0.973743737 0.026256286 0.000000000
883 0.974631965 0.025368014 0.000000000
884 0.993290365 0.006709629 0.000000000
885 0.000000000 1.000000000 0.000000000
886 0.000000000 1.000000000 0.000000000
887 0.972465575 0.027534436 0.000000000
888 0.000000000 1.000000000 0.000000000
889 0.899733305 0.100266702 0.000000000
890 0.913462341 0.086537689 0.000000000
891 0.097778536 0.902221441 0.000000000
892 0.000000000 1.000000000 0.000000000
893 0.600419760 0.399580270 0.000000000
894 0.000000000 1.000000000 0.000000000
895 0.000000000 1.000000000 0.000000000
896 0.000000000 1.000000000 0.000000000
897 0.000000000 1.000000000 0.000000000
898 0.140637845 0.859362125 0.000000000
899 0.000000000 1.000000000 0.000000000
900 0.000000000 0.963663340 0.036336653
901 0.000000000 0.030225163 0.969774842
902 0.000000000 0.036299665 0.963700354
903 0.000000000 0.072707050 0.927292943
904 0.000000000 0.993501782 0.006498229
905 0.000000000 0.032264944 0.967735052
906 0.000000000 0.819931805 0.180068195
907 0.000000000 0.865699053 0.134300947
908 0.000000000 0.317373693 0.682626307
909 0.000000000 0.828750908 0.171249077
910 0.000000000 0.972217202 0.027782805
911 0.000000000 0.804745972 0.195254028
912 0.000000000 0.867021918 0.132978112
913 0.000000000 0.454179496 0.545820475
914 0.000000000 0.976780117 0.023219872
915 0.000000000 0.836684346 0.163315654
916 0.000000000 1.000000000 0.000000000
917 0.000000000 0.917820394 0.082179576
918 0.000000000 0.938990772 0.061009225
919 0.000000000 0.592592418 0.407407582
920 0.000000000 0.807727754 0.192272276
921 0.000000000 0.712886989 0.287113041
922 0.000000000 0.998566508 0.001433515
923 0.000000000 0.826218784 0.173781246
924 0.000000000 0.998697340 0.001302686
925 0.000000000 0.966992795 0.033007212
926 0.000000000 0.826842725 0.173157260
927 0.000000000 0.972120821 0.027879206
928 0.000000000 0.180283353 0.819716632
929 0.000000000 0.804772139 0.195227876
930 0.000000000 0.854955316 0.145044699
931 0.000000000 0.720144570 0.279855430
932 0.000000000 0.680190444 0.319809586
933 0.000000000 0.759353101 0.240646869
934 0.000000000 0.974224865 0.025775148
935 0.000000000 0.560993075 0.439006925
936 0.000000000 0.000078013 0.999921978
937 0.000000000 0.009116532 0.990883470
938 0.000000000 0.037402157 0.962597847
939 0.000000000 0.198487714 0.801512301
940 0.000000000 0.408745080 0.591254890
941 0.000000000 0.284998983 0.715001047
942 0.000000000 0.000000000 1.000000000
943 0.000000000 0.000000000 1.000000000
944 0.000000000 0.089996599 0.910003424
945 0.000000000 0.245439678 0.754560292
946 0.000000000 0.639155686 0.360844284
947 0.000000000 0.382661670 0.617338359
948 0.000000000 0.008572162 0.991427839
949 0.000000000 0.029833723 0.970166266
950 0.000000000 0.011770197 0.988229811
951 0.000000000 0.150772333 0.849227667
952 0.000000000 0.911175311 0.088824667
953 0.000000000 0.363034904 0.636965096
954 0.000000000 0.350975782 0.649024189
955 0.000000000 0.358928621 0.641071379
956 0.000000000 0.455069393 0.544930577
957 0.000000000 0.000006147 0.999993861
958 0.000000000 1.000000000 0.000000000
959 0.000000000 0.956142426 0.043857571
960 0.000000000 0.915291667 0.084708326
961 0.000000000 0.900131285 0.099868700
962 0.000000000 0.986732185 0.013267818
963 0.000000000 0.988674581 0.011325398
964 0.000000000 0.004135496 0.995864511
965 0.000000000 0.887297511 0.112702496
966 0.000000000 0.071895473 0.928104520
967 0.000000000 0.021978987 0.978021026
968 0.000000000 0.090914756 0.909085214
969 0.000000000 0.393366396 0.606633604
970 0.000000000 0.842934847 0.157065183
971 0.000000000 0.002764929 0.997235060
972 0.000000000 0.003444580 0.996555448
973 0.919368327 0.000000000 0.080631681
974 0.991159022 0.000000000 0.008841002
975 0.998263001 0.000000000 0.001736990
976 1.000000000 0.000000000 0.000000000
977 0.999949157 0.000000000 0.000050822
978 0.971279919 0.000000000 0.028720053
979 0.000000000 0.001885691 0.998114288
980 0.937896669 0.001603348 0.060499988
981 0.963258684 0.006098475 0.030642832
982 0.999757349 0.000242638 0.000000000
983 0.978132606 0.007404327 0.014463069
984 0.988835573 0.005680460 0.005483945
985 0.992457449 0.001042622 0.006499955
986 0.000000000 0.011142214 0.988857806
987 0.982403100 0.006526484 0.011070402
988 0.992707014 0.007292997 0.000000000
989 0.974448144 0.017266415 0.008285464
990 0.790049255 0.133504406 0.076446347
991 0.831437767 0.108595163 0.059967071
992 0.804454327 0.143518984 0.052026678
993 0.000000000 0.013863504 0.986136496
994 0.913619399 0.083538331 0.002842256
995 0.657460928 0.282826573 0.059712481
996 0.674825430 0.318539470 0.006635092
997 0.635051727 0.359997630 0.004950656
998 0.622533560 0.372244328 0.005222130
999 0.726954460 0.266248316 0.006797206
1000 0.000000000 0.076213047 0.923786938
1001 0.231384158 0.761852324 0.006763523
1002 0.000000000 0.826427877 0.173572138
1003 0.000000000 0.750376165 0.249623805
1004 0.000000000 0.832944512 0.167055488
1005 0.000000000 0.943013370 0.056986634
1006 0.083107963 0.905323744 0.011568300
1007 0.000000000 0.005537873 0.994462132
1008 0.000000000 0.000000000 1.000000000
1009 0.750955164 0.249044850 0.000000000
1010 0.624084353 0.183836207 0.192079455
1011 0.891111851 0.108888172 0.000000000
1012 0.964268982 0.008168600 0.027562400
1013 0.730701208 0.269298792 0.000000000
1014 0.944718838 0.036760334 0.018520856
1015 0.000000000 0.000000000 1.000000000
1016 1.000000000 0.000000000 0.000000000
1017 0.929543853 0.041490939 0.028965212
1018 0.794657767 0.033085242 0.172257006
1019 0.960387349 0.039612643 0.000000000
1020 0.997293413 0.001597553 0.001109019
1021 0.976172924 0.023827057 0.000000000
1022 0.000000000 0.002922283 0.997077703
1023 0.685132265 0.313718528 0.001149231
1024 0.546036899 0.453001529 0.000961544
1025 0.594559133 0.405440867 0.000000000
1026 0.980632842 0.011734686 0.007632459
1027 0.952548623 0.047451396 0.000000000
1028 0.638287783 0.350920081 0.010792126
1029 0.000000000 0.000000000 1.000000000
1030 0.532966435 0.456891149 0.010142403
1031 0.646769702 0.344432414 0.008797878
1032 0.634000123 0.363446921 0.002552951
1033 0.569927394 0.429223329 0.000849305
1034 0.546070039 0.449478477 0.004451476
1035 0.434306473 0.565580964 0.000112559
1036 0.000000000 0.004555432 0.995444596
1037 0.094625741 0.905374229 0.000000001
1038 0.000000000 0.948466122 0.051533874
1039 0.000000000 0.859292150 0.140707850
1040 0.000000000 0.724086761 0.275913239
1041 0.000000000 0.799683332 0.200316682
1042 0.000000000 0.980269134 0.019730840
1043 0.000000000 0.000000000 1.000000000
1044 0.000000000 1.000000000 0.000000000
1045 0.971763253 0.028236754 0.000000000
1046 1.000000000 0.000000000 0.000000000
1047 1.000000000 0.000000000 0.000000000
1048 1.000000000 0.000000000 0.000000000
1049 0.971703708 0.028296271 0.000000000
1050 1.000000000 0.000000000 0.000000000
1051 0.000000000 1.000000000 0.000000000
1052 1.000000000 0.000000000 0.000000000
1053 0.268596202 0.731403828 0.000000000
1054 1.000000000 0.000000000 0.000000000
1055 0.358516544 0.641483486 0.000000000
1056 0.978534579 0.021465400 0.000000000
1057 0.994770408 0.005229610 0.000000000
1058 0.000000000 1.000000000 0.000000000
1059 0.982522011 0.017477982 0.000000000
1060 0.500000000 0.500000000 0.000000000
1061 0.965265989 0.034734033 0.000000000
1062 1.000000000 0.000000000 0.000000000
1063 0.993715584 0.006284414 0.000000000
1064 1.000000000 0.000000000 0.000000000
1065 0.000000000 1.000000000 0.000000000
1066 0.000000000 1.000000000 0.000000000
1067 1.000000000 0.000000000 0.000000000
1068 0.000000000 1.000000000 0.000000000
1069 1.000000000 0.000000000 0.000000000
1070 0.999008775 0.000991236 0.000000000
1071 0.970541894 0.029458106 0.000000000
1072 0.000000000 1.000000000 0.000000000
1073 0.962216675 0.037783325 0.000000000
1074 0.000000000 1.000000000 0.000000000
1075 0.000000000 1.000000000 0.000000000
1076 0.000000000 1.000000000 0.000000000
1077 0.000000000 1.000000000 0.000000000
1078 0.428136557 0.571863413 0.000000000
1079 0.000000000 1.000000000 0.000000000
1080 0.000000000 1.000000000 0.000000000
1081 1.000000000 0.000000000 0.000000000
1082 1.000000000 0.000000000 0.000000000
1083 1.000000000 0.000000000 0.000000000
1084 1.000000000 0.000000000 0.000000000
1085 0.991633832 0.008366145 0.000000000
1086 1.000000000 0.000000000 0.000000000
1087 0.000000000 1.000000000 0.000000000
1088 0.998671710 0.001328273 0.000000000
1089 1.000000000 0.000000000 0.000000000
1090 0.986186087 0.013813918 0.000000000
1091 0.969939113 0.030060884 0.000000000
1092 0.991910279 0.008089746 0.000000000
1093 1.000000000 0.000000000 0.000000000
1094 0.000000000 1.000000000 0.000000000
1095 0.990147293 0.009852723 0.000000000
1096 0.913554370 0.086445659 0.000000000
1097 0.964932919 0.035067093 0.000000000
1098 0.937073708 0.062926307 0.000000000
1099 0.947824240 0.052175745 0.000000000
1100 0.945554137 0.054445874 0.000000000
1101 0.000000000 1.000000000 0.000000000
1102 0.500000000 0.500000000 0.000000000
1103 0.000000000 1.000000000 0.000000000
1104 0.876104772 0.123895243 0.000000000
1105 0.900150895 0.099849090 0.000000000
1106 0.226940230 0.773059785 0.000000000
1107 0.110988341 0.889011681 0.000000000
1108 0.000000000 1.000000000 0.000000000
1109 0.575916290 0.424083740 0.000000000
1110 0.000000000 1.000000000 0.000000000
1111 0.000000000 1.000000000 0.000000000
1112 0.000000000 1.000000000 0.000000000
1113 0.000000000 1.000000000 0.000000000
1114 0.119878672 0.880121350 0.000000000
1115 0.000000000 1.000000000 0.000000000
