0 0.000000000 0.693927884 0.306072116
1 0.000000000 0.634887159 0.365112811
2 0.000000000 0.873520732 0.126479268
3 0.000000000 0.814250767 0.185749233
4 0.000000000 0.749463618 0.250536382
5 0.000000000 0.286932796 0.713067234
6 0.000000000 0.331312329 0.668687701
7 0.000000000 0.636612892 0.363387078
8 0.000000000 0.845161498 0.154838473
9 0.000000000 0.920677125 0.079322867
10 0.000000000 0.430394530 0.569605470
11 0.000000000 0.000000000 1.000000000
12 0.737830818 0.188674763 0.073494405
13 0.885916770 0.033114333 0.080968909
14 0.505992949 0.328505039 0.165501997
15 0.509454191 0.260506392 0.230039403
16 0.105588600 0.554040611 0.340370804
17 0.006950056 0.383162260 0.609887719
18 0.963727117 0.000000000 0.036272906
19 0.885087073 0.103629373 0.011283579
20 0.687823594 0.268643200 0.043533187
21 0.608248532 0.310195237 0.081556246
22 0.000000000 0.798489332 0.201510653
23 0.023197267 0.051893178 0.924909532
24 0.729069173 0.270930856 0.000000000
25 0.939015687 0.060984291 0.000000000
26 0.727720499 0.272279501 0.000000000
27 0.259510994 0.740489006 0.000000000
28 0.043686084 0.956313908 0.000000000
29 0.000790787 0.999209225 0.000000000
30 0.647929609 0.352070391 0.000000000
31 0.489860356 0.510139644 0.000000000
32 0.671266377 0.328733623 0.000000000
33 0.180728972 0.819271028 0.000000000
34 0.045924474 0.954075515 0.000000000
35 0.007113307 0.992886722 0.000000000
36 0.000000000 0.321108133 0.678891897
37 0.000000000 0.638878167 0.361121833
38 0.000000000 0.802881956 0.197118059
39 0.000000000 0.685552120 0.314447910
40 0.000000000 0.597689092 0.402310908
41 0.000000000 0.540912986 0.459086984
42 0.000000000 0.825989544 0.174010456
43 0.000000000 0.448876470 0.551123559
44 0.000000000 0.941315591 0.058684424
45 0.000000000 0.941349745 0.058650244
46 0.000000000 0.825712144 0.174287871
47 0.000000000 0.863244832 0.136755198
48 0.000000000 0.919011891 0.080988102
49 0.000000000 0.920538366 0.079461634
50 0.000000000 0.519239783 0.480760217
51 0.000000000 0.995438874 0.004561102
52 0.000000000 0.970282316 0.029717674
53 0.000000000 0.938620746 0.061379250
54 0.000000000 0.931395769 0.068604253
55 0.000000000 0.985820711 0.014179314
56 0.000000000 0.975730777 0.024269206
57 0.000000000 0.337672085 0.662327945
58 0.000000000 0.867679894 0.132320106
59 0.000000000 0.871223152 0.128776819
60 0.000000000 0.716896951 0.283103019
61 0.000000000 0.831369340 0.168630674
62 0.000000000 0.905147731 0.094852246
63 0.000000000 0.898102462 0.101897515
64 0.000000000 0.020194443 0.979805529
65 0.000000000 0.260165304 0.739834666
66 0.000000000 0.496570557 0.503429413
67 0.000000000 0.601562083 0.398437917
68 0.000000000 0.744005620 0.255994380
69 0.000000000 0.672953248 0.327046782
70 0.000000000 0.353014648 0.646985352
71 0.000000000 0.587640524 0.412359476
72 0.000000000 0.000000000 1.000000000
73 0.000000000 0.468598336 0.531401634
74 0.000000000 0.318915009 0.681084991
75 0.000000000 0.345290571 0.654709458
76 0.000000000 0.549963653 0.450036347
77 0.000000000 0.475035340 0.524964631
78 0.000000000 0.703777492 0.296222508
79 0.000000000 0.000181158 0.999818861
80 0.000000000 0.877045810 0.122954205
81 0.000000000 0.948624790 0.051375184
82 0.000000000 0.902620733 0.097379237
83 0.000000000 0.892636955 0.107363015
84 0.000000000 0.964685142 0.035314873
85 0.000000000 0.999197304 0.000802718
86 0.000000000 0.000000000 1.000000000
87 0.000000000 0.986001194 0.013998832
88 0.000000000 1.000000000 0.000000000
89 0.000000000 0.994726002 0.005274023
90 0.000000000 0.969346225 0.030653775
91 0.000000000 0.998111069 0.001888950
92 0.000000000 0.975202918 0.024797095
93 0.000000000 0.000000000 1.000000000
94 0.000000000 0.824821532 0.175178453
95 0.000000000 0.857266784 0.142733201
96 0.000000000 0.578414738 0.421585292
97 0.000000000 0.833584189 0.166415840
98 0.000000000 0.890588343 0.109411672
99 0.000000000 0.908368766 0.091631249
100 0.000000000 0.000000000 1.000000000
101 0.000000000 0.000000000 1.000000000
102 0.000000000 0.082041040 0.917958975
103 0.000000000 0.228453964 0.771546006
104 0.000000000 0.286068320 0.713931680
105 0.000000000 0.310597450 0.689402580
106 0.000000000 0.509758890 0.490241110
107 0.000000000 0.055391584 0.944608390
108 0.000000000 0.033673186 0.966326833
109 0.921337426 0.036064483 0.042598117
110 0.972304642 0.027695335 0.000000000
111 0.907889545 0.034648929 0.057461508
112 0.931440413 0.040271904 0.028287683
113 0.957275033 0.000000000 0.042724960
114 0.951386034 0.009070563 0.039543375
115 0.000000000 0.030467717 0.969532311
116 0.921990037 0.014609754 0.063400201
117 0.914572895 0.000000000 0.085427098
118 0.920025945 0.008572645 0.071401432
119 0.885826826 0.004048903 0.110124290
120 0.932205915 0.041116141 0.026677936
121 0.897275865 0.072381370 0.030342791
122 0.000000000 0.016627500 0.983372509
123 0.838586867 0.112334333 0.049078770
124 0.697843373 0.260467082 0.041689549
125 0.749494135 0.231573716 0.018932160
126 0.717231393 0.215091512 0.067677096
127 0.746702731 0.228628591 0.024668703
128 0.775715530 0.201270849 0.023013655
129 0.012661115 0.000000000 0.987338901
130 0.391781390 0.577414751 0.030803854
131 0.478145808 0.475456119 0.046398073
132 0.307636917 0.666976869 0.025386222
133 0.396521896 0.603478074 0.000000000
134 0.446542919 0.553457081 0.000000000
135 0.303488582 0.696511388 0.000000000
136 0.018459847 0.000000000 0.981540143
137 0.000000000 0.638492167 0.361507833
138 0.000000000 0.728943169 0.271056831
139 0.000000000 0.880380332 0.119619645
140 0.000000000 0.699628592 0.300371408
141 0.020243037 0.864112020 0.115644924
142 0.028024446 0.649165094 0.322810471
143 0.000000000 0.199444577 0.800555408
144 0.000000000 0.012235734 0.987764239
145 0.981505632 0.000000000 0.018494396
146 0.956943035 0.000000000 0.043056950
147 0.973507106 0.007120650 0.019372260
148 0.994616508 0.003979418 0.001404071
149 0.961537361 0.000000000 0.038462650
150 0.954994321 0.039937876 0.005067784
151 0.040278975 0.000000000 0.959721029
152 0.962753713 0.008744463 0.028501803
153 0.947800934 0.000000000 0.052199095
154 0.844170511 0.020118706 0.135710806
155 0.881620526 0.028456870 0.089922607
156 0.882033169 0.111678429 0.006288429
157 0.935589314 0.064410657 0.000000000
158 0.008584445 0.000000000 0.991415560
159 0.941363931 0.058636058 0.000000000
160 0.746116221 0.213564321 0.040319469
161 0.895265996 0.066920735 0.037813284
162 0.680434346 0.319565624 0.000000000
163 0.820672214 0.160371542 0.018956220
164 0.836528122 0.163471892 0.000000000
165 0.014286446 0.000000000 0.985713542
166 0.406636417 0.569550216 0.023813393
167 0.600706577 0.354074031 0.045219406
168 0.214218870 0.785781145 0.000000000
169 0.272138059 0.727861941 0.000000000
170 0.425001562 0.574998438 0.000000000
171 0.396020442 0.590869904 0.013109647
172 0.000000000 0.139517948 0.860482037
173 0.011067132 0.801549673 0.187383190
174 0.001403909 0.998596072 0.000000000
175 0.000000000 0.978672802 0.021327171
176 0.035323400 0.964676619 0.000000000
177 0.037011024 0.960453272 0.002535676
178 0.070347086 0.914996684 0.014656214
179 0.020641364 0.000000000 0.979358613
180 0.010868298 0.989131689 0.000000000
181 1.000000000 0.000000000 0.000000000
182 0.996068180 0.003931826 0.000000000
183 1.000000000 0.000000000 0.000000000
184 1.000000000 0.000000000 0.000000000
185 1.000000000 0.000000000 0.000000000
186 0.929191351 0.070808657 0.000000000
187 0.000000000 1.000000000 0.000000000
188 0.902886748 0.097113244 0.000000000
189 0.953941703 0.046058286 0.000000000
190 0.995984554 0.004015424 0.000000000
191 0.957172573 0.042827439 0.000000000
192 0.956884563 0.043115448 0.000000000
193 0.974747658 0.025252320 0.000000000
194 0.017523170 0.982476830 0.000000000
195 0.804713130 0.195286885 0.000000000
196 0.817327261 0.182672739 0.000000000
197 0.879809737 0.120190293 0.000000000
198 1.000000000 0.000000000 0.000000000
199 0.942851961 0.057148054 0.000000000
200 1.000000000 0.000000000 0.000000000
201 0.015798764 0.984201252 0.000000000
202 0.689932227 0.310067773 0.000000000
203 0.877587855 0.122412138 0.000000000
204 0.853694558 0.146305442 0.000000000
205 0.876656294 0.123343736 0.000000000
206 0.951414347 0.048585642 0.000000000
207 0.990799546 0.009200438 0.000000000
208 0.000000000 1.000000000 0.000000000
209 0.248800278 0.751199722 0.000000000
210 0.172481269 0.827518702 0.000000000
211 0.183376342 0.816623688 0.000000000
212 0.488953143 0.511046886 0.000000000
213 0.600055814 0.399944156 0.000000000
214 0.451244533 0.548755467 0.000000000
215 0.000000000 1.000000000 0.000000000
216 0.000000000 1.000000000 0.000000000
217 0.990715802 0.009284176 0.000000000
218 0.982725382 0.017274590 0.000000000
219 0.965952814 0.034047164 0.000000000
220 0.916843534 0.083156481 0.000000000
221 1.000000000 0.000000000 0.000000000
222 0.986989379 0.013010619 0.000000000
223 0.000000000 1.000000000 0.000000000
224 0.975176334 0.024823694 0.000000000
225 1.000000000 0.000000000 0.000000000
226 1.000000000 0.000000000 0.000000000
227 0.901324511 0.098675512 0.000000000
228 0.803526163 0.196473837 0.000000000
229 0.843423963 0.156576052 0.000000000
230 0.033785000 0.966215014 0.000000000
231 1.000000000 0.000000000 0.000000000
232 0.920745432 0.079254553 0.000000000
233 0.728673160 0.271326870 0.000000000
234 0.757745683 0.242254302 0.000000000
235 0.761755049 0.238244966 0.000000000
236 0.936585188 0.063414834 0.000000000
237 0.005525685 0.994474292 0.000000000
238 0.916381419 0.083618566 0.000000000
239 0.816966891 0.183033124 0.000000000
240 0.944360018 0.055639960 0.000000000
241 0.857355416 0.142644569 0.000000000
242 0.837642729 0.162357286 0.000000000
243 0.602606058 0.397393942 0.000000000
244 0.000000000 1.000000000 0.000000000
245 0.165754616 0.834245384 0.000000000
246 0.121478453 0.878521562 0.000000000
247 0.084684074 0.915315926 0.000000000
248 0.232927307 0.767072678 0.000000000
249 0.230181217 0.769818783 0.000000000
250 0.231467441 0.768532574 0.000000000
251 0.043597445 0.956402540 0.000000000
252 0.000000000 0.154650569 0.845349431
253 0.000000000 0.102071606 0.897928417
254 0.000000000 0.448644161 0.551355839
255 0.000000000 0.464526236 0.535473764
256 0.000000000 0.716144383 0.283855587
257 0.000000000 0.396950185 0.603049815
258 0.000000000 0.061455432 0.938544571
259 0.000000000 0.048104189 0.951895833
260 0.000000000 0.553654969 0.446345001
261 0.000000000 0.564171135 0.435828865
262 0.000000000 0.809426546 0.190573439
263 0.000000000 0.666611910 0.333388090
264 0.000000000 0.528720796 0.471279234
265 0.000000000 0.125931233 0.874068797
266 0.000000000 0.327794522 0.672205448
267 0.000000000 0.815026283 0.184973747
268 0.000000000 0.868321896 0.131678134
269 0.000000000 0.825952351 0.174047649
270 0.000000000 0.762890518 0.237109467
271 0.000000000 0.541923285 0.458076715
272 0.000000000 0.838506758 0.161493227
273 0.000000000 0.148590162 0.851409853
274 0.000000000 0.996382773 0.003617234
275 0.000000000 0.838558197 0.161441833
276 0.000000000 0.525029838 0.474970162
277 0.000000000 0.307889521 0.692110479
278 0.000000000 0.708025992 0.291973978
279 0.000000000 0.715633094 0.284366906
280 0.000000000 0.069864735 0.930135250
281 0.000000000 0.404763520 0.595236480
282 0.000000000 0.078888886 0.921111107
283 0.000000000 0.074618161 0.925381839
284 0.000000000 0.122628935 0.877371073
285 0.000000000 0.210522175 0.789477825
286 0.000000000 0.627754271 0.372245729
287 0.000000000 0.090000078 0.909999907
288 0.000000000 0.000000000 1.000000000
289 0.000000000 0.011955600 0.988044381
290 0.000000000 0.000000000 1.000000000
291 0.000000000 0.001601318 0.998398662
292 0.000000000 0.069314569 0.930685461
293 0.000000000 0.000000000 1.000000000
294 0.000000000 0.347166508 0.652833462
295 0.000000000 0.042988446 0.957011580
296 0.000000000 0.300891966 0.699108064
297 0.000000000 0.622070968 0.377929002
298 0.000000000 0.483203828 0.516796172
299 0.000000000 0.502428532 0.497571468
300 0.000000000 0.775947094 0.224052921
301 0.000000000 0.641755879 0.358244091
302 0.000000000 0.033068947 0.966931045
303 0.000000000 0.789912939 0.210087076
304 0.000000000 0.947038472 0.052961502
305 0.000000000 0.728311896 0.271688074
306 0.000000000 0.988706648 0.011293334
307 0.000000000 0.950700760 0.049299244
308 0.000000000 0.880162120 0.119837880
309 0.000000000 0.000000000 1.000000000
310 0.000000000 0.962964594 0.037035394
311 0.000000000 0.834855497 0.165144503
312 0.000000000 0.941723704 0.058276303
313 0.000000000 0.952930868 0.047069158
314 0.000000000 0.991662502 0.008337476
315 0.000000000 0.987588465 0.012411534
316 0.000000000 0.001733513 0.998266459
317 0.000000000 0.349220604 0.650779426
318 0.000000000 0.195067048 0.804932952
319 0.000000000 0.140546307 0.859453678
320 0.000000000 0.053563774 0.946436226
321 0.000000000 0.066619933 0.933380067
322 0.000000000 0.205821633 0.794178367
323 0.000000000 0.000000000 1.000000000
324 0.000000000 0.003491126 0.996508896
325 0.954865217 0.000000000 0.045134794
326 0.969182253 0.014833907 0.015983827
327 0.916814208 0.021563798 0.061621971
328 0.978795707 0.000000000 0.021204291
329 0.927931368 0.000000000 0.072068602
330 0.751544058 0.127602786 0.120853148
331 0.000000000 0.121560134 0.878439844
332 0.728226244 0.120089427 0.151684299
333 0.745648921 0.111927390 0.142423689
334 0.789831758 0.061996002 0.148172259
335 0.728082955 0.000116643 0.271800399
336 0.895578980 0.104421012 0.000000000
337 1.000000000 0.000000000 0.000000000
338 0.000000000 0.013643187 0.986356795
339 0.717625141 0.146944165 0.135430679
340 0.633333862 0.227222309 0.139443830
341 0.471580952 0.338388026 0.190031022
342 0.588013947 0.398586810 0.013399228
343 0.694279015 0.305720985 0.000000000
344 0.705946624 0.280142397 0.013911006
345 0.000000000 0.000000000 1.000000000
346 0.429689556 0.527958810 0.042351600
347 0.274108142 0.634399712 0.091492131
348 0.199970528 0.800029457 0.000000000
349 0.395183384 0.599343181 0.005473406
350 0.414286971 0.573622525 0.012090546
351 0.417709798 0.582290232 0.000000000
352 0.007293598 0.009790821 0.982915580
353 0.000000000 0.986888528 0.013111446
354 0.000000000 0.973563731 0.026436288
355 0.005905051 0.948479891 0.045615058
356 0.000000000 0.791267216 0.208732784
357 0.000000000 0.756265640 0.243734345
358 0.003942216 0.951237738 0.044820040
359 0.007919933 0.000000000 0.992080092
360 0.030429572 0.009025911 0.960544527
361 0.825880945 0.046520147 0.127598882
362 0.954857886 0.016616220 0.028525881
363 0.972920716 0.000000000 0.027079303
364 0.957855701 0.008826630 0.033317640
365 0.928141475 0.000000000 0.071858525
366 0.855430782 0.001875450 0.142693743
367 0.008564778 0.000000000 0.991435230
368 0.946025193 0.000000000 0.053974815
369 0.922389269 0.020988874 0.056621835
370 0.916950285 0.018693699 0.064355999
371 0.797240078 0.000000000 0.202759922
372 0.904445708 0.067770697 0.027783569
373 0.978222132 0.000000000 0.021777870
374 0.000000000 0.205581352 0.794418633
375 0.956101000 0.043898977 0.000000000
376 0.933280349 0.066719644 0.000000000
377 0.902800977 0.046136804 0.051062193
378 0.685396910 0.314603090 0.000000000
379 0.683598042 0.300014138 0.016387783
380 0.826040864 0.173959151 0.000000000
381 0.000000000 0.051658541 0.948341489
382 0.589088440 0.410911560 0.000000000
383 0.282886535 0.610280037 0.106833428
384 0.282966197 0.714760840 0.002272986
385 0.246559620 0.753440380 0.000000000
386 0.390611440 0.596157372 0.013231192
387 0.334859908 0.665140092 0.000000000
388 0.020065323 0.243777245 0.736157417
389 0.091259770 0.802726328 0.106013902
390 0.000000000 0.885624647 0.114375353
391 0.000000000 0.818912387 0.181087598
392 0.000000000 0.879894137 0.120105878
393 0.000000000 0.980446100 0.019553915
394 0.002037711 0.989350438 0.008611866
395 0.000000000 0.091361985 0.908638000
396 0.010409930 0.989590049 0.000000000
397 0.961625934 0.038374085 0.000000000
398 0.979618251 0.020381758 0.000000000
399 1.000000000 0.000000000 0.000000000
400 1.000000000 0.000000000 0.000000000
401 1.000000000 0.000000000 0.000000000
402 0.929975629 0.070024349 0.000000000
403 0.000000000 1.000000000 0.000000000
404 1.000000000 0.000000000 0.000000000
405 1.000000000 0.000000000 0.000000000
406 1.000000000 0.000000000 0.000000000
407 1.000000000 0.000000000 0.000000000
408 0.920354068 0.079645902 0.000000000
409 0.989146769 0.010853247 0.000000000
410 0.007973718 0.992026269 0.000000000
411 0.936463237 0.063536763 0.000000000
412 0.996762216 0.003237760 0.000000000
413 0.947924972 0.052075040 0.000000000
414 0.855368853 0.144631162 0.000000000
415 0.882341504 0.117658481 0.000000000
416 0.901283979 0.098716035 0.000000000
417 0.000000000 1.000000000 0.000000000
418 0.788178027 0.211821944 0.000000000
419 0.629008770 0.370991230 0.000000000
420 0.815363228 0.184636787 0.000000000
421 0.866615295 0.133384719 0.000000000
422 0.939969540 0.060030483 0.000000000
423 0.972064853 0.027935149 0.000000000
424 0.000000000 1.000000000 0.000000000
425 0.462729335 0.537270665 0.000000000
426 0.000000000 1.000000000 0.000000000
427 0.000000000 1.000000000 0.000000000
428 0.076559559 0.923440456 0.000000000
429 0.153991520 0.846008480 0.000000000
430 0.318583548 0.681416452 0.000000000
431 0.000000000 1.000000000 0.000000000
432 0.002021962 0.997978032 0.000000000
433 0.995446861 0.004553123 0.000000000
434 0.980068743 0.019931287 0.000000000
435 0.955028892 0.044971090 0.000000000
436 0.954011440 0.045988578 0.000000000
437 0.981108427 0.018891575 0.000000000
438 1.000000000 0.000000000 0.000000000
439 0.038650423 0.961349607 0.000000000
440 1.000000000 0.000000000 0.000000000
441 1.000000000 0.000000000 0.000000000
442 1.000000000 0.000000000 0.000000000
443 0.984636307 0.015363670 0.000000000
444 0.976049721 0.023950284 0.000000000
445 1.000000000 0.000000000 0.000000000
446 0.000000000 1.000000000 0.000000000
447 1.000000000 0.000000000 0.000000000
448 0.906634390 0.093365602 0.000000000
449 0.687584639 0.312415361 0.000000000
450 0.765297353 0.234702647 0.000000000
451 0.870483458 0.129516542 0.000000000
452 0.985500634 0.014499376 0.000000000
453 0.011282884 0.988717139 0.000000000
454 0.783940732 0.216059253 0.000000000
455 0.519272506 0.480727494 0.000000000
456 0.872113645 0.127886355 0.000000000
457 0.915009499 0.084990472 0.000000000
458 0.864843309 0.135156691 0.000000000
459 0.567065954 0.432934076 0.000000000
460 0.017532567 0.982467413 0.000000000
461 0.305971086 0.694028914 0.000000000
462 0.045937836 0.954062164 0.000000000
463 0.054529920 0.945470095 0.000000000
464 0.205140412 0.794859588 0.000000000
465 0.192284033 0.807715952 0.000000000
466 0.286271960 0.713728070 0.000000000
467 0.000000000 1.000000000 0.000000000
468 0.000000000 0.963023663 0.036976319
469 0.000000000 0.524724066 0.475275964
470 0.000000000 0.636635721 0.363364309
471 0.000000000 0.701788008 0.298211992
472 0.000000000 0.561643898 0.438356102
473 0.000000000 0.735033214 0.264966816
474 0.000000000 1.000000000 0.000000000
475 0.000000000 0.906933069 0.093066953
476 0.000000000 0.900231183 0.099768803
477 0.000000000 0.886483252 0.113516718
478 0.000000000 0.490324467 0.509675562
479 0.000000000 0.963908970 0.036091030
480 0.000000000 0.986606836 0.013393155
481 0.000000000 0.975858927 0.024141068
482 0.000000000 1.000000000 0.000000000
483 0.000000000 0.947167635 0.052832380
484 0.000000000 0.723902285 0.276097715
485 0.000000000 0.900139987 0.099859998
486 0.000000000 1.000000000 0.000000000
487 0.000000000 1.000000000 0.000000000
488 0.000000000 1.000000000 0.000000000
489 0.000000000 0.898558021 0.101441979
490 0.000000000 0.884687483 0.115312517
491 0.000000000 0.991404116 0.008595863
492 0.000000000 0.966403127 0.033596896
493 0.000000000 1.000000000 0.000000000
494 0.000000000 0.996524394 0.003475615
495 0.000000000 0.944544315 0.055455700
496 0.000000000 0.288054645 0.711945355
497 0.000000000 0.898512900 0.101487078
498 0.000000000 0.720854044 0.279145986
499 0.000000000 0.820167542 0.179832444
500 0.000000000 0.935963511 0.064036503
501 0.000000000 0.818154156 0.181845829
502 0.000000000 0.851053655 0.148946345
503 0.000000000 0.720451355 0.279548645
504 0.000000000 0.004559289 0.995440722
505 0.000000000 0.186362386 0.813637614
506 0.000000000 0.618676484 0.381323487
507 0.000000000 0.708731294 0.291268706
508 0.000000000 0.538146019 0.461853981
509 0.000000000 0.736093283 0.263906717
510 0.000000000 0.028490612 0.971509397
511 0.000000000 0.000933914 0.999066114
512 0.000000000 0.513179660 0.486820340
513 0.000000000 0.637319863 0.362680137
514 0.000000000 0.428234458 0.571765542
515 0.000000000 0.647079051 0.352920920
516 0.000000000 0.131201461 0.868798554
517 0.000000000 0.441004634 0.558995366
518 0.000000000 0.080852859 0.919147134
519 0.000000000 0.901946902 0.098053120
520 0.000000000 0.819425404 0.180574611
521 0.000000000 0.884311736 0.115688294
522 0.000000000 0.558726788 0.441273183
523 0.000000000 0.783498883 0.216501102
524 0.000000000 0.857595444 0.142404571
525 0.000000000 0.011980261 0.988019764
526 0.000000000 0.942703426 0.057296593
527 0.000000000 0.885456622 0.114543363
528 0.000000000 0.322236151 0.677763879
529 0.000000000 0.698444426 0.301555574
530 0.000000000 0.969675899 0.030324111
531 0.000000000 0.913728833 0.086271152
532 0.000000000 0.000000000 1.000000000
533 0.000000000 0.294472903 0.705527127
534 0.000000000 0.029556470 0.970443547
535 0.000000000 0.056989137 0.943010867
536 0.000000000 0.018478611 0.981521368
537 0.000000000 0.037697293 0.962302685
538 0.000000000 0.598792613 0.401207387
539 0.000000000 0.000000000 1.000000000
540 0.000000000 0.003736905 0.996263087
541 0.952279150 0.021916728 0.025804145
542 0.963189602 0.011988723 0.024821673
543 0.948744595 0.020755574 0.030499807
544 0.980687380 0.000000000 0.019312611
545 0.939002931 0.006910580 0.054086480
546 0.902557373 0.043149900 0.054292720
547 0.000000000 0.051394388 0.948605597
548 0.945009768 0.043052547 0.011937676
549 0.961039364 0.003984294 0.034976345
550 0.992786527 0.000000000 0.007213460
551 0.950892568 0.000000000 0.049107458
552 0.943576515 0.031376008 0.025047492
553 0.878949702 0.098666824 0.022383448
554 0.001255328 0.030023377 0.968721271
555 0.894882083 0.042062651 0.063055292
556 0.974464059 0.025535960 0.000000000
557 0.911984861 0.088015124 0.000000000
558 0.585090101 0.370944649 0.043965224
559 0.655432105 0.343486428 0.001081485
560 0.695220768 0.298465461 0.006313802
561 0.000000000 0.027736494 0.972263515
562 0.712261736 0.287738293 0.000000000
563 0.480536759 0.492705554 0.026757697
564 0.425585598 0.542322278 0.032092128
565 0.412176371 0.587823629 0.000000000
566 0.487325281 0.512674689 0.000000000
567 0.519897521 0.480102479 0.000000000
568 0.000000000 0.000000000 1.000000000
569 0.034946442 0.903380692 0.061672878
570 0.004010017 0.567311347 0.428678632
571 0.000000000 0.656141102 0.343858868
572 0.000000000 0.868753314 0.131246686
573 0.004873125 0.933195174 0.061931703
574 0.349527806 0.608805954 0.041666280
575 0.000000000 0.000000000 1.000000000
576 0.092535362 0.148870647 0.758593976
577 0.720859289 0.000000000 0.279140711
578 0.773183048 0.075721040 0.151095897
579 0.785802186 0.151831999 0.062365845
580 0.696638048 0.064252414 0.239109561
581 0.808180869 0.149256930 0.042562202
582 0.828193545 0.103722095 0.068084337
583 0.000000000 0.058367390 0.941632628
584 0.885594785 0.027431080 0.086974159
585 0.798172534 0.038132221 0.163695231
586 0.719737649 0.000000000 0.280262321
587 0.913036704 0.000000000 0.086963318
588 0.916507006 0.070789978 0.012702990
589 0.941637397 0.058362577 0.000000000
590 0.054170031 0.000000000 0.945829988
591 0.796180606 0.109057955 0.094761461
592 0.654703379 0.206450447 0.138846189
593 0.892070949 0.086922362 0.021006687
594 0.898698032 0.094749302 0.006552698
595 0.713268697 0.285212100 0.001519235
596 0.710738480 0.270450979 0.018810570
597 0.044457339 0.000000000 0.955542684
598 0.655351818 0.322184533 0.022463655
599 0.573819160 0.424761772 0.001419041
600 0.334817857 0.665182114 0.000000000
601 0.252871841 0.736756504 0.010371679
602 0.316114336 0.634163916 0.049721774
603 0.380002767 0.542235017 0.077762231
604 0.000000000 0.000000000 1.000000000
605 0.088274710 0.838829815 0.072895460
606 0.029950943 0.846042693 0.124006376
607 0.014419943 0.773830950 0.211749122
608 0.005192777 0.628709793 0.366097450
609 0.039937377 0.646663904 0.313398719
610 0.143413901 0.780028343 0.076557778
611 0.044707067 0.000000000 0.955292940
612 0.122339249 0.877660751 0.000000000
613 0.879560411 0.120439574 0.000000000
614 0.780220211 0.219779804 0.000000000
615 0.836332440 0.163667545 0.000000000
616 0.820475578 0.179524422 0.000000000
617 0.972567379 0.027432641 0.000000000
618 0.722505391 0.277494609 0.000000000
619 0.000000000 1.000000000 0.000000000
620 0.744579971 0.255420029 0.000000000
621 0.847654343 0.152345672 0.000000000
622 0.977668583 0.022331391 0.000000000
623 0.834758937 0.165241078 0.000000000
624 0.929127634 0.070872389 0.000000000
625 0.989633143 0.010366877 0.000000000
626 0.009380110 0.990619898 0.000000000
627 0.818198442 0.181801572 0.000000000
628 1.000000000 0.000000000 0.000000000
629 0.932797670 0.067202307 0.000000000
630 0.972477376 0.027522642 0.000000000
631 0.990017593 0.009982396 0.000000000
632 0.788635910 0.211364120 0.000000000
633 0.000000000 1.000000000 0.000000000
634 0.887221158 0.112778842 0.000000000
635 0.846146703 0.153853282 0.000000000
636 0.728237331 0.271762699 0.000000000
637 0.780863285 0.219136700 0.000000000
638 0.712509930 0.287490070 0.000000000
639 0.825341642 0.174658373 0.000000000
640 0.000000000 1.000000000 0.000000000
641 0.408566356 0.591433644 0.000000000
642 0.000000000 1.000000000 0.000000000
643 0.000000000 1.000000000 0.000000000
644 0.000000000 1.000000000 0.000000000
645 0.075477585 0.924522400 0.000000000
646 0.235581517 0.764418483 0.000000000
647 0.000000000 1.000000000 0.000000000
648 0.000000000 1.000000000 0.000000000
649 1.000000000 0.000000000 0.000000000
650 0.952824056 0.047175933 0.000000000
651 0.987693250 0.012306736 0.000000000
652 0.959794521 0.040205475 0.000000000
653 1.000000000 0.000000000 0.000000000
654 0.918357909 0.081642099 0.000000000
655 0.000000000 1.000000000 0.000000000
656 0.966248930 0.033751082 0.000000000
657 0.958937585 0.041062407 0.000000000
658 1.000000000 0.000000000 0.000000000
659 1.000000000 0.000000000 0.000000000
660 0.972784996 0.027215021 0.000000000
661 1.000000000 0.000000000 0.000000000
662 0.005274064 0.994725943 0.000000000
663 0.973393977 0.026606018 0.000000000
664 0.873654008 0.126345992 0.000000000
665 0.911351979 0.088647991 0.000000000
666 0.844046116 0.155953869 0.000000000
667 0.831714928 0.168285072 0.000000000
668 0.882281244 0.117718771 0.000000000
669 0.000000000 1.000000000 0.000000000
670 0.769627690 0.230372339 0.000000000
671 0.773337543 0.226662457 0.000000000
672 0.872891545 0.127108440 0.000000000
673 0.890415728 0.109584257 0.000000000
674 0.758853018 0.241147012 0.000000000
675 0.711803973 0.288195997 0.000000000
676 0.000000000 1.000000000 0.000000000
677 0.227997437 0.772002578 0.000000000
678 0.047572415 0.952427566 0.000000000
679 0.000000000 1.000000000 0.000000000
680 0.112270460 0.887729526 0.000000000
681 0.174770266 0.825229764 0.000000000
682 0.356760055 0.643239915 0.000000000
683 0.000000000 1.000000000 0.000000000
684 0.000000000 0.924164712 0.075835280
685 0.000000000 0.188275084 0.811724901
686 0.000000000 0.250684977 0.749315023
687 0.000000000 0.427932829 0.572067201
688 0.000000000 0.402741194 0.597258806
689 0.000000000 0.311499327 0.688500643
690 0.000000000 0.278008223 0.721991777
691 0.000000000 0.634680510 0.365319490
692 0.000000000 0.278878421 0.721121609
693 0.000000000 0.509109080 0.490890950
694 0.000000000 0.490540892 0.509459138
695 0.000000000 0.536353290 0.463646710
696 0.000000000 0.383512050 0.616487920
697 0.000000000 0.288497984 0.711502016
698 0.000000000 0.933774710 0.066225283
699 0.000000000 0.596132040 0.403867960
700 0.000000000 0.823348522 0.176651493
701 0.000000000 0.714940131 0.285059839
702 0.000000000 0.701215684 0.298784345
703 0.000000000 0.456319660 0.543680370
704 0.000000000 0.476833940 0.523166060
705 0.000000000 0.748032212 0.251967788
706 0.000000000 0.971424043 0.028575974
707 0.000000000 0.867988586 0.132011399
708 0.000000000 0.912931263 0.087068714
709 0.000000000 0.841738462 0.158261538
710 0.000000000 0.783355713 0.216644287
711 0.000000000 0.918773651 0.081226364
712 0.000000000 0.156548321 0.843451679
713 0.000000000 0.850345194 0.149654821
714 0.000000000 0.610168636 0.389831334
715 0.000000000 0.498466998 0.501532972
716 0.000000000 0.491628230 0.508371770
717 0.000000000 0.648576260 0.351423740
718 0.000000000 0.954569578 0.045430418
719 0.000000000 0.473891199 0.526108801
720 0.000000000 0.000000000 1.000000000
721 0.000000000 0.117220357 0.882779658
722 0.000000000 0.106200859 0.893799126
723 0.000000000 0.305559993 0.694440007
724 0.000000000 0.634439886 0.365560144
725 0.000000000 0.401789546 0.598210454
726 0.000000000 0.187976941 0.812023044
727 0.000000000 0.134806633 0.865193367
728 0.000000000 0.335164368 0.664835632
729 0.000000000 0.397182256 0.602817714
730 0.000000000 0.851396024 0.148603991
731 0.000000000 0.523185074 0.476814926
732 0.000000000 0.535680532 0.464319468
733 0.000000000 0.755845726 0.244154260
734 0.000000000 0.028844381 0.971155643
735 0.000000000 0.885079503 0.114920527
736 0.000000000 1.000000000 0.000000000
737 0.000000000 0.863958418 0.136041582
738 0.000000000 0.882391572 0.117608413
739 0.000000000 0.772108793 0.227891207
740 0.000000000 0.772859335 0.227140695
741 0.000000000 0.000000000 1.000000000
742 0.000000000 1.000000000 0.000000000
743 0.000000000 0.922960579 0.077039413
744 0.000000000 0.975878894 0.024121083
745 0.000000000 0.968039095 0.031960919
746 0.000000000 0.970279455 0.029720528
747 0.000000000 1.000000000 0.000000000
748 0.000000000 0.010619944 0.989380062
749 0.000000000 0.916899323 0.083100662
750 0.000000000 0.050733782 0.949266195
751 0.000000000 0.072297692 0.927702308
752 0.000000000 0.076081432 0.923918545
753 0.000000000 0.268721640 0.731278360
754 0.000000000 0.852040052 0.147959948
755 0.000000000 0.000000000 1.000000000
756 0.000000000 0.020635732 0.979364276
757 0.724546611 0.000838156 0.274615228
758 0.756096542 0.000000000 0.243903428
759 0.799661279 0.000000000 0.200338736
760 0.899267793 0.000000000 0.100732207
761 0.800829291 0.000000000 0.199170724
762 0.837602377 0.000510890 0.161886722
763 0.046363954 0.075276420 0.878359616
764 0.736430109 0.034914616 0.228655264
765 0.858923078 0.000000000 0.141076908
766 0.888976991 0.028723892 0.082299121
767 0.883374453 0.000000000 0.116625562
768 0.959981501 0.001493942 0.038524531
769 0.931542993 0.039284952 0.029172024
770 0.000000000 0.017915530 0.982084453
771 0.936061859 0.000000000 0.063938156
772 0.943016112 0.019472539 0.037511371
773 0.852943420 0.114077218 0.032979332
774 0.809107482 0.149981365 0.040911119
775 0.740119100 0.201210991 0.058669899
776 0.853712559 0.120934181 0.025353238
777 0.022046147 0.000000000 0.977953851
778 0.888149977 0.111850008 0.000000000
779 0.548974931 0.378776193 0.072248846
780 0.476881802 0.516935766 0.006182424
781 0.424310356 0.575689614 0.000000000
782 0.463468552 0.534562409 0.001969054
783 0.523137927 0.453964025 0.022898061
784 0.000000000 0.000000000 1.000000000
785 0.024506222 0.929404140 0.046089623
786 0.000000000 0.506152034 0.493847936
787 0.000000000 0.387820184 0.612179816
788 0.000000000 0.442914009 0.557085991
789 0.000000000 0.805422902 0.194577098
790 0.007271111 0.988643587 0.004085313
791 0.000000000 0.000000000 1.000000000
792 0.008427681 0.157905057 0.833667278
793 0.688864648 0.000000000 0.311135352
794 0.758176088 0.000000000 0.241823897
795 0.803685606 0.000000000 0.196314409
796 0.870897651 0.000000000 0.129102364
797 0.802433431 0.000000000 0.197566599
798 0.821672738 0.000000000 0.178327277
799 0.000000000 0.158289552 0.841710448
800 0.717937529 0.000000000 0.282062471
801 0.767034054 0.000000000 0.232965916
802 0.697144389 0.074547768 0.228307858
803 0.789992392 0.000000000 0.210007638
804 0.881669223 0.000000000 0.118330762
805 0.862874508 0.000000000 0.137125522
806 0.080715217 0.000000000 0.919284761
807 0.975523949 0.000000000 0.024476057
808 0.970885158 0.020114342 0.009000516
809 0.960107625 0.000000000 0.039892402
810 0.969246447 0.030753555 0.000000000
811 0.934972882 0.046819337 0.018207772
812 0.815271854 0.102812089 0.081916079
813 0.000000000 0.000680850 0.999319136
814 0.944291234 0.055708762 0.000000000
815 0.628792405 0.354606599 0.016601006
816 0.774815202 0.225184813 0.000000000
817 0.600947440 0.394985229 0.004067326
818 0.722783566 0.277216405 0.000000000
819 0.592246771 0.407753229 0.000000000
820 0.034032483 0.078093395 0.887874126
821 0.233402878 0.743345916 0.023251183
822 0.020602407 0.848040819 0.131356791
823 0.000000000 0.752846241 0.247153729
824 0.012936839 0.800700247 0.186362922
825 0.000000000 0.909149230 0.090850793
826 0.044207260 0.955792725 0.000000000
827 0.000000000 0.012995346 0.987004638
828 0.078093924 0.921906054 0.000000000
829 1.000000000 0.000000000 0.000000000
830 0.953041971 0.046958029 0.000000000
831 1.000000000 0.000000000 0.000000000
832 1.000000000 0.000000000 0.000000000
833 1.000000000 0.000000000 0.000000000
834 0.891224980 0.108774997 0.000000000
835 0.034917764 0.965082228 0.000000000
836 0.892937839 0.107062168 0.000000000
837 1.000000000 0.000000000 0.000000000
838 1.000000000 0.000000000 0.000000000
839 1.000000000 0.000000000 0.000000000
840 1.000000000 0.000000000 0.000000000
841 1.000000000 0.000000000 0.000000000
842 0.000000000 1.000000000 0.000000000
843 1.000000000 0.000000000 0.000000000
844 1.000000000 0.000000000 0.000000000
845 1.000000000 0.000000000 0.000000000
846 1.000000000 0.000000000 0.000000000
847 0.988731742 0.011268234 0.000000000
848 1.000000000 0.000000000 0.000000000
849 0.000000000 1.000000000 0.000000000
850 1.000000000 0.000000000 0.000000000
851 1.000000000 0.000000000 0.000000000
852 0.920871735 0.079128250 0.000000000
853 0.874498367 0.125501633 0.000000000
854 0.898323059 0.101676948 0.000000000
855 0.998046935 0.001953082 0.000000000
856 0.021774676 0.978225350 0.000000000
857 0.774159849 0.225840151 0.000000000
858 0.000000000 1.000000000 0.000000000
859 0.000000000 1.000000000 0.000000000
860 0.000000000 1.000000000 0.000000000
861 0.024927521 0.975072503 0.000000000
862 0.256084323 0.743915677 0.000000000
863 0.000000000 1.000000000 0.000000000
864 0.000000000 1.000000000 0.000000000
865 0.972415745 0.027584279 0.000000000
866 0.892585754 0.107414268 0.000000000
867 1.000000000 0.000000000 0.000000000
868 0.953795493 0.046204481 0.000000000
869 1.000000000 0.000000000 0.000000000
870 0.980169356 0.019830657 0.000000000
871 0.000000000 1.000000000 0.000000000
872 0.919762433 0.080237590 0.000000000
873 1.000000000 0.000000000 0.000000000
874 0.928005278 0.071994707 0.000000000
875 1.000000000 0.000000000 0.000000000
876 0.978597343 0.021402640 0.000000000
877 0.914320350 0.085679643 0.000000000
878 0.015891777 0.984108210 0.000000000
879 0.980330706 0.019669289 0.000000000
880 0.863121510 0.136878461 0.000000000
881 1.000000000 0.000000000 0.000000000
882 0.920230150 0.079769880 0.000000000
883 0.950319767 0.049680214 0.000000000
884 0.948723972 0.051276024 0.000000000
885 0.000000000 1.000000000 0.000000000
886 0.948767185 0.051232833 0.000000000
887 0.855465055 0.144534975 0.000000000
888 0.741625249 0.258374751 0.000000000
889 0.691322327 0.308677703 0.000000000
890 0.709368169 0.290631860 0.000000000
891 0.631805778 0.368194252 0.000000000
892 0.000000000 1.000000000 0.000000000
893 0.456782520 0.543217480 0.000000000
894 0.020616550 0.979383469 0.000000000
895 0.000000000 1.000000000 0.000000000
896 0.023132196 0.976867795 0.000000000
897 0.000000000 1.000000000 0.000000000
898 0.137203768 0.862796247 0.000000000
899 0.003901741 0.996098280 0.000000000
900 0.000000000 0.631341040 0.368658960
901 0.000000000 0.316854298 0.683145702
902 0.000000000 0.301825345 0.698174655
903 0.000000000 0.372635782 0.627364218
904 0.000000000 0.453891903 0.546108067
905 0.000000000 0.472903639 0.527096331
906 0.000000000 0.705434978 0.294564992
907 0.000000000 0.526766121 0.473233879
908 0.000000000 0.540042043 0.459957987
909 0.000000000 0.582329512 0.417670488
910 0.000000000 0.543378830 0.456621170
911 0.000000000 0.649485171 0.350514829
912 0.000000000 0.646159649 0.353840381
913 0.000000000 0.457940310 0.542059720
914 0.000000000 0.725995839 0.274004161
915 0.000000000 0.662596464 0.337403536
916 0.000000000 0.886275828 0.113724180
917 0.000000000 0.746117055 0.253882945
918 0.000000000 0.826188624 0.173811346
919 0.000000000 0.627569437 0.372430563
920 0.000000000 0.722167552 0.277832478
921 0.000000000 0.679592967 0.320407033
922 0.000000000 0.904372871 0.095627144
923 0.000000000 0.856639564 0.143360421
924 0.000000000 1.000000000 0.000000000
925 0.000000000 0.897983372 0.102016605
926 0.000000000 0.859517276 0.140482739
927 0.000000000 0.922420561 0.077579468
928 0.000000000 0.230666548 0.769333482
929 0.000000000 0.800933301 0.199066669
930 0.000000000 0.818818688 0.181181297
931 0.000000000 0.693446159 0.306553811
932 0.000000000 0.688128173 0.311871856
933 0.000000000 0.723216593 0.276783437
934 0.000000000 0.929541051 0.070458941
935 0.000000000 0.435196012 0.564804018
936 0.000000000 0.061858457 0.938141525
937 0.000000000 0.000000000 1.000000000
938 0.000000000 0.020456363 0.979543626
939 0.000000000 0.226372272 0.773627698
940 0.000000000 0.368121952 0.631878078
941 0.000000000 0.288705498 0.711294472
942 0.000000000 0.000000000 1.000000000
943 0.000000000 0.005703948 0.994296074
944 0.000000000 0.039122492 0.960877538
945 0.000000000 0.163365573 0.836634457
946 0.000000000 0.584323823 0.415676206
947 0.000000000 0.337776631 0.662223339
948 0.000000000 0.093451403 0.906548619
949 0.000000000 0.000684151 0.999315858
950 0.000000000 0.086797982 0.913202047
951 0.000000000 0.209728226 0.790271759
952 0.000000000 0.842040062 0.157959923
953 0.000000000 0.560938418 0.439061612
954 0.000000000 0.481964856 0.518035173
955 0.000000000 0.388924181 0.611075819
956 0.000000000 0.530914009 0.469085962
957 0.000000000 0.000000000 1.000000000
958 0.000000000 0.902093768 0.097906232
959 0.000000000 0.813285410 0.186714575
960 0.000000000 0.849702716 0.150297299
961 0.000000000 0.803086519 0.196913451
962 0.000000000 0.967788219 0.032211754
963 0.000000000 0.942137182 0.057862837
964 0.000000000 0.000054870 0.999945104
965 0.000000000 0.760355651 0.239644364
966 0.000000000 0.077244006 0.922756016
967 0.000000000 0.004118793 0.995881200
968 0.000000000 0.112036377 0.887963593
969 0.000000000 0.337926507 0.662073493
970 0.000000000 0.797891915 0.202108100
971 0.000000000 0.000000000 1.000000000
972 0.000000000 0.048559867 0.951440156
973 0.863812864 0.000000000 0.136187121
974 0.913656116 0.000000000 0.086343899
975 0.956634104 0.000000000 0.043365885
976 0.992381215 0.007618790 0.000000000
977 0.952106535 0.007999674 0.039893791
978 0.931753814 0.006546974 0.061699208
979 0.006695135 0.075400732 0.917904139
980 0.862583876 0.024583891 0.112832211
981 0.957902908 0.000000000 0.042097114
982 0.933547735 0.000000000 0.066452235
983 0.876828611 0.020956833 0.102214575
984 0.907919109 0.057573564 0.034507349
985 0.929685354 0.015409273 0.054905374
986 0.069481164 0.000000000 0.930518806
987 0.889110506 0.010856312 0.100033201
988 0.977935195 0.000000000 0.022064811
989 0.962619483 0.037380539 0.000000000
990 0.742238343 0.172081292 0.085680358
991 0.751682281 0.198217109 0.050100625
992 0.771638513 0.191669092 0.036692414
993 0.076630861 0.114036649 0.809332490
994 0.853223860 0.146776155 0.000000000
995 0.650813580 0.304610014 0.044576414
996 0.580590248 0.369867176 0.049542572
997 0.605150759 0.384974509 0.009874771
998 0.631136656 0.352208376 0.016654989
999 0.706503630 0.285112143 0.008384245
1000 0.000000000 0.020960007 0.979039967
1001 0.196765751 0.753230095 0.050004158
1002 0.000000000 0.776269436 0.223730564
1003 0.000000000 0.694128752 0.305871218
1004 0.000000000 0.829641461 0.170358539
1005 0.000000000 0.898837984 0.101162031
1006 0.043584879 0.956415117 0.000000000
1007 0.000000000 0.000000000 1.000000000
1008 0.125539079 0.102154247 0.772306681
1009 0.565557659 0.000000000 0.434442341
1010 0.552754581 0.013874091 0.433371305
1011 0.571504295 0.061449993 0.367045671
1012 0.587829351 0.106220901 0.305949718
1013 0.659755528 0.000000000 0.340244502
1014 0.642412007 0.083595172 0.273992807
1015 0.187923625 0.047455225 0.764621139
1016 0.583278775 0.000000000 0.416721225
1017 0.666931629 0.000000000 0.333068371
1018 0.652353644 0.000000000 0.347646356
1019 0.656125784 0.000000000 0.343874246
1020 0.819985986 0.000000000 0.180013999
1021 0.799554050 0.000000000 0.200445965
1022 0.036135502 0.093079686 0.870784819
1023 0.803617895 0.025386920 0.170995191
1024 0.645079374 0.214919567 0.140001073
1025 0.749747872 0.102072343 0.148179814
1026 0.934054732 0.047750290 0.018194994
1027 0.825128138 0.089081496 0.085790381
1028 0.725202262 0.220914051 0.053883664
1029 0.085471705 0.009213902 0.905314386
1030 0.613232434 0.313490778 0.073276788
1031 0.675865591 0.276212156 0.047922276
1032 0.506409347 0.438183933 0.055406708
1033 0.586037874 0.413962096 0.000000000
1034 0.508166194 0.491833806 0.000000000
1035 0.412117332 0.587882698 0.000000000
1036 0.095080353 0.002520027 0.902399600
1037 0.269286066 0.677667320 0.053046636
1038 0.003594255 0.907889605 0.088516146
1039 0.041804008 0.819147170 0.139048815
1040 0.000000000 0.778645813 0.221354187
1041 0.000000000 0.888089478 0.111910507
1042 0.000000000 0.998121083 0.001878935
1043 0.011916551 0.000000000 0.988083422
1044 0.096220598 0.903779387 0.000000000
1045 0.992598414 0.007401614 0.000000000
1046 0.948541641 0.051458333 0.000000000
1047 1.000000000 0.000000000 0.000000000
1048 0.970810592 0.029189425 0.000000000
1049 1.000000000 0.000000000 0.000000000
1050 0.838989139 0.161010861 0.000000000
1051 0.000000000 1.000000000 0.000000000
1052 0.778183877 0.221816108 0.000000000
1053 0.885674536 0.114325471 0.000000000
1054 0.978651464 0.021348543 0.000000000
1055 0.875384331 0.124615647 0.000000000
1056 1.000000000 0.000000000 0.000000000
1057 1.000000000 0.000000000 0.000000000
1058 0.023055699 0.976944327 0.000000000
1059 0.863984108 0.136015877 0.000000000
1060 1.000000000 0.000000000 0.000000000
1061 0.955569923 0.044430070 0.000000000
1062 1.000000000 0.000000000 0.000000000
1063 0.919281363 0.080718622 0.000000000
1064 0.853191435 0.146808580 0.000000000
1065 0.018437983 0.981562018 0.000000000
1066 1.000000000 0.000000000 0.000000000
1067 0.894125879 0.105874091 0.000000000
1068 1.000000000 0.000000000 0.000000000
1069 1.000000000 0.000000000 0.000000000
1070 0.969137788 0.030862225 0.000000000
1071 1.000000000 0.000000000 0.000000000
1072 0.062599175 0.937400818 0.000000000
1073 0.756958961 0.243041039 0.000000000
1074 0.000000000 1.000000000 0.000000000
1075 0.000000000 1.000000000 0.000000000
1076 0.000000000 1.000000000 0.000000000
1077 0.041892588 0.958107412 0.000000000
1078 0.195332691 0.804667294 0.000000000
1079 0.000000000 1.000000000 0.000000000
1080 0.028404340 0.971595645 0.000000000
1081 0.998861551 0.001138420 0.000000000
1082 1.000000000 0.000000000 0.000000000
1083 0.971791565 0.028208438 0.000000000
1084 1.000000000 0.000000000 0.000000000
1085 1.000000000 0.000000000 0.000000000
1086 0.930702269 0.069297746 0.000000000
1087 0.052673165 0.947326839 0.000000000
1088 0.982391715 0.017608285 0.000000000
1089 1.000000000 0.000000000 0.000000000
1090 1.000000000 0.000000000 0.000000000
1091 1.000000000 0.000000000 0.000000000
1092 0.980099320 0.019900668 0.000000000
1093 1.000000000 0.000000000 0.000000000
1094 0.000000000 1.000000000 0.000000000
1095 0.983861268 0.016138710 0.000000000
1096 1.000000000 0.000000000 0.000000000
1097 1.000000000 0.000000000 0.000000000
1098 0.838220537 0.161779463 0.000000000
1099 0.959312558 0.040687434 0.000000000
1100 0.949235380 0.050764605 0.000000000
1101 0.066333070 0.933666945 0.000000000
1102 0.888736308 0.111263722 0.000000000
1103 0.766236663 0.233763322 0.000000000
1104 0.770824790 0.229175240 0.000000000
1105 0.867316961 0.132683054 0.000000000
1106 0.745743871 0.254256159 0.000000000
1107 0.678572059 0.321427971 0.000000000
1108 0.000000000 1.000000000 0.000000000
1109 0.686772585 0.313227415 0.000000000
1110 0.000000000 1.000000000 0.000000000
1111 0.025179828 0.974820197 0.000000000
1112 0.000000000 1.000000000 0.000000000
1113 0.000000000 1.000000000 0.000000000
1114 0.118522421 0.881477594 0.000000000
1115 0.016951140 0.983048856 0.000000000
