0 0.000000000 0.780894339 0.219105661
1 0.000000000 0.804625571 0.195374414
2 0.000000000 0.824372530 0.175627455
3 0.000000000 0.884091616 0.115908369
4 0.000000000 0.730194330 0.269805670
5 0.000000000 0.362568676 0.637431324
6 0.000000000 0.467221648 0.532778382
7 0.000000000 0.690137565 0.309862435
8 0.000000000 0.887418389 0.112581640
9 0.000000000 0.848487437 0.151512533
10 0.000000000 0.447603822 0.552396178
11 0.000000000 0.012846508 0.987153471
12 0.926721096 0.029841783 0.043437134
13 0.869234860 0.062707722 0.068057410
14 0.588278234 0.284979135 0.126742646
15 0.590093911 0.318321228 0.091584854
16 0.064569287 0.681566060 0.253864676
17 0.031588148 0.385327071 0.583084822
18 0.974302530 0.025697492 0.000000000
19 0.916796923 0.062540770 0.020662332
20 0.752883255 0.187804624 0.059312098
21 0.590575337 0.303438306 0.105986372
22 0.047000933 0.772766829 0.180232257
23 0.000000000 0.247173309 0.752826691
24 0.875612140 0.124387875 0.000000000
25 0.733192444 0.266807586 0.000000000
26 0.639878154 0.360121846 0.000000000
27 0.376772344 0.623227656 0.000000000
28 0.041322976 0.958676994 0.000000000
29 0.029257426 0.970742583 0.000000000
30 0.874259949 0.125740036 0.000000000
31 0.763712585 0.236287430 0.000000000
32 0.474026442 0.525973558 0.000000000
33 0.305931747 0.694068253 0.000000000
34 0.031759504 0.968240499 0.000000000
35 0.002398978 0.997601032 0.000000000
36 0.000000000 0.440264016 0.559736013
37 0.000000000 0.597477555 0.402522415
38 0.000000000 0.845811069 0.154188931
39 0.000000000 0.627515733 0.372484297
40 0.000000000 0.750182807 0.249817193
41 0.000000000 0.731269836 0.268730193
42 0.000000000 0.514754236 0.485245794
43 0.000000000 0.363232702 0.636767268
44 0.000000000 0.966073215 0.033926796
45 0.000000000 0.901793063 0.098206937
46 0.000000000 0.859028578 0.140971437
47 0.000000000 0.978405535 0.021594467
48 0.000000000 0.938995600 0.061004382
49 0.000000000 0.886228383 0.113771595
50 0.000000000 0.378441423 0.621558547
51 0.000000000 0.980467260 0.019532746
52 0.000000000 0.969160736 0.030839281
53 0.000000000 1.000000000 0.000000000
54 0.000000000 1.000000000 0.000000000
55 0.000000000 0.996040165 0.003959859
56 0.000000000 0.995425642 0.004574376
57 0.000000000 0.376589090 0.623410940
58 0.000000000 0.898190260 0.101809748
59 0.000000000 0.942054272 0.057945713
60 0.000000000 0.831192195 0.168807805
61 0.000000000 0.876788199 0.123211816
62 0.000000000 0.953666687 0.046333332
63 0.000000000 0.997684300 0.002315720
64 0.000000000 0.057173539 0.942826450
65 0.000000000 0.483895838 0.516104162
66 0.000000000 0.290656149 0.709343851
67 0.000000000 0.353033483 0.646966517
68 0.000000000 0.809210360 0.190789655
69 0.000000000 0.735199571 0.264800429
70 0.000000000 0.683865964 0.316134036
71 0.000000000 0.273081809 0.726918221
72 0.000000000 0.000000000 1.000000000
73 0.000000000 0.299121588 0.700878441
74 0.000000000 0.477048934 0.522951066
75 0.000000000 0.279198050 0.720801950
76 0.000000000 0.562424421 0.437575549
77 0.000000000 0.442512661 0.557487369
78 0.000000000 0.501433372 0.498566628
79 0.000000000 0.000000000 1.000000000
80 0.000000000 0.992932677 0.007067309
81 0.000000000 0.798359036 0.201640949
82 0.000000000 0.967138469 0.032861516
83 0.000000000 0.918965638 0.081034340
84 0.000000000 0.881482542 0.118517466
85 0.000000000 0.892410457 0.107589521
86 0.000000000 0.000000000 1.000000000
87 0.000000000 1.000000000 0.000000000
88 0.000000000 1.000000000 0.000000000
89 0.000000000 1.000000000 0.000000000
90 0.000000000 1.000000000 0.000000000
91 0.000000000 0.992241263 0.007758756
92 0.000000000 1.000000000 0.000000000
93 0.000000000 0.025042057 0.974957943
94 0.000000000 0.921217501 0.078782529
95 0.000000000 0.944091082 0.055908892
96 0.000000000 0.850407362 0.149592638
97 0.000000000 0.902484894 0.097515106
98 0.000000000 0.947161913 0.052838098
99 0.000000000 0.967172086 0.032827936
100 0.000000000 0.023728531 0.976271451
101 0.000000000 0.071307383 0.928692639
102 0.000000000 0.237883523 0.762116492
103 0.000000000 0.157594949 0.842405021
104 0.000000000 0.225435600 0.774564385
105 0.000000000 0.270698041 0.729301989
106 0.000000000 0.303252667 0.696747303
107 0.000000000 0.000000000 1.000000000
108 0.081408128 0.000000000 0.918591857
109 0.983526111 0.000000000 0.016473902
110 0.988940477 0.000000000 0.011059540
111 0.970564127 0.000000000 0.029435853
112 0.976010501 0.005004601 0.018984919
113 1.000000000 0.000000000 0.000000000
114 0.999095142 0.000000000 0.000904882
115 0.056702632 0.000000000 0.943297386
116 0.974534094 0.014553310 0.010912596
117 0.972778618 0.000000000 0.027221400
118 0.980281174 0.019718800 0.000000000
119 0.916747808 0.083252199 0.000000000
120 0.981050372 0.018949617 0.000000000
121 0.888793230 0.088581011 0.022625782
122 0.057340167 0.023844058 0.918815792
123 0.789171457 0.156392753 0.054435793
124 0.792872965 0.207127020 0.000000000
125 0.650651038 0.349348992 0.000000000
126 0.735773623 0.264226377 0.000000000
127 0.617503464 0.336390883 0.046105660
128 0.870400667 0.056364264 0.073235072
129 0.074664198 0.027696772 0.897639036
130 0.418680876 0.581319153 0.000000000
131 0.534571946 0.465428025 0.000000000
132 0.100737087 0.899262905 0.000000000
133 0.231569916 0.768098533 0.000331569
134 0.388252318 0.611747682 0.000000000
135 0.311314106 0.688685894 0.000000000
136 0.099068418 0.000000000 0.900931597
137 0.038386028 0.951910377 0.009703618
138 0.058107071 0.652488768 0.289404184
139 0.011700326 0.921318173 0.066981509
140 0.182539970 0.817460001 0.000000000
141 0.165210187 0.828517675 0.006272132
142 0.162002623 0.837997377 0.000000000
143 0.000000000 0.177378580 0.822621405
144 0.032519769 0.040297274 0.927182972
145 0.958176732 0.000000000 0.041823257
146 0.983879089 0.000000000 0.016120931
147 1.000000000 0.000000000 0.000000000
148 1.000000000 0.000000000 0.000000000
149 0.952631891 0.000000000 0.047368113
150 1.000000000 0.000000000 0.000000000
151 0.048880365 0.012265058 0.938854575
152 0.974234939 0.000000000 0.025765084
153 1.000000000 0.000000000 0.000000000
154 1.000000000 0.000000000 0.000000000
155 0.940789402 0.018039642 0.041170951
156 0.997569382 0.000000000 0.002430644
157 0.961255550 0.034935962 0.003808495
158 0.003012384 0.028926563 0.968061030
159 0.910199940 0.070612185 0.019187868
160 0.785519123 0.214480877 0.000000000
161 0.722178221 0.186885640 0.090936169
162 0.799988449 0.200011536 0.000000000
163 0.766548574 0.233451411 0.000000000
164 0.776174128 0.222313255 0.001512628
165 0.039605409 0.022477614 0.937916994
166 0.362700284 0.637299716 0.000000000
167 0.658853054 0.316194326 0.024952617
168 0.198596269 0.801403761 0.000000000
169 0.345219016 0.654780984 0.000000000
170 0.360379100 0.625453830 0.014167037
171 0.391584218 0.608415782 0.000000000
172 0.010757809 0.018734790 0.970507383
173 0.000000000 0.957924902 0.042075090
174 0.036215935 0.963784039 0.000000000
175 0.025419135 0.965155959 0.009424919
176 0.071335346 0.921664178 0.007000443
177 0.119252615 0.880747378 0.000000000
178 0.086866125 0.913133860 0.000000000
179 0.041480053 0.047019549 0.911500394
180 0.046095867 0.953904152 0.000000000
181 0.998776197 0.001223783 0.000000000
182 0.986498237 0.013501748 0.000000000
183 1.000000000 0.000000000 0.000000000
184 1.000000000 0.000000000 0.000000000
185 1.000000000 0.000000000 0.000000000
186 1.000000000 0.000000000 0.000000000
187 0.031241657 0.968758345 0.000000000
188 1.000000000 0.000000000 0.000000000
189 1.000000000 0.000000000 0.000000000
190 0.952904761 0.047095228 0.000000000
191 1.000000000 0.000000000 0.000000000
192 1.000000000 0.000000000 0.000000000
193 1.000000000 0.000000000 0.000000000
194 0.027345324 0.972654700 0.000000000
195 0.923128486 0.076871499 0.000000000
196 0.894885778 0.105114207 0.000000000
197 0.944756806 0.055243202 0.000000000
198 0.944528878 0.055471133 0.000000000
199 0.839572012 0.160427988 0.000000000
200 0.939587772 0.060412209 0.000000000
201 0.041515980 0.958483994 0.000000000
202 0.641837656 0.358162314 0.000000000
203 0.876561344 0.123438679 0.000000000
204 0.783732116 0.216267854 0.000000000
205 0.934580863 0.065419160 0.000000000
206 0.879524589 0.120475404 0.000000000
207 0.954497755 0.045502264 0.000000000
208 0.037188690 0.962811291 0.000000000
209 0.263760775 0.736239195 0.000000000
210 0.129558429 0.870441556 0.000000000
211 0.242047980 0.757952034 0.000000000
212 0.371447772 0.628552198 0.000000000
213 0.535369992 0.464630008 0.000000000
214 0.334831595 0.665168405 0.000000000
215 0.010882450 0.989117563 0.000000000
216 0.022148393 0.977851629 0.000000000
217 0.993903399 0.006096606 0.000000000
218 0.976578236 0.023421772 0.000000000
219 1.000000000 0.000000000 0.000000000
220 0.985623479 0.014376544 0.000000000
221 1.000000000 0.000000000 0.000000000
222 1.000000000 0.000000000 0.000000000
223 0.058501802 0.941498220 0.000000000
224 1.000000000 0.000000000 0.000000000
225 1.000000000 0.000000000 0.000000000
226 0.963026643 0.036973365 0.000000000
227 1.000000000 0.000000000 0.000000000
228 1.000000000 0.000000000 0.000000000
229 1.000000000 0.000000000 0.000000000
230 0.017218834 0.982781172 0.000000000
231 0.860987425 0.139012575 0.000000000
232 0.805459797 0.194540232 0.000000000
233 0.801365733 0.198634267 0.000000000
234 0.930705965 0.069294021 0.000000000
235 0.739814997 0.260185003 0.000000000
236 0.791595638 0.208404347 0.000000000
237 0.041948777 0.958051205 0.000000000
238 0.473426402 0.526573598 0.000000000
239 0.437744468 0.562255561 0.000000000
240 0.865621448 0.134378552 0.000000000
241 0.784275413 0.215724587 0.000000000
242 0.806598783 0.193401188 0.000000000
243 0.824808419 0.175191581 0.000000000
244 0.051332481 0.948667526 0.000000000
245 0.277358383 0.722641587 0.000000000
246 0.049081985 0.950918019 0.000000000
247 0.032296136 0.967703879 0.000000000
248 0.117297933 0.882702053 0.000000000
249 0.183267057 0.816732943 0.000000000
250 0.329957724 0.670042276 0.000000000
251 0.000000000 1.000000000 0.000000000
252 0.000000000 0.203966796 0.796033204
253 0.000000000 0.269073159 0.730926871
254 0.000000000 0.349094957 0.650905013
255 0.000000000 0.311994940 0.688005090
256 0.000000000 0.844395399 0.155604586
257 0.000000000 0.753072143 0.246927842
258 0.000000000 0.054616939 0.945383072
259 0.000000000 0.111247882 0.888752103
260 0.000000000 0.574059308 0.425940663
261 0.000000000 0.261082411 0.738917589
262 0.000000000 0.872300982 0.127699003
263 0.000000000 0.803331733 0.196668252
264 0.000000000 0.102392152 0.897607863
265 0.000000000 0.475127995 0.524872005
266 0.000000000 0.331086993 0.668913007
267 0.000000000 0.757252038 0.242747962
268 0.000000000 0.913361430 0.086638570
269 0.000000000 0.925917268 0.074082702
270 0.000000000 0.700857878 0.299142122
271 0.000000000 0.902940154 0.097059861
272 0.000000000 0.870783150 0.129216865
273 0.000000000 0.110973455 0.889026523
274 0.000000000 1.000000000 0.000000000
275 0.000000000 0.967808306 0.032191675
276 0.000000000 0.359739393 0.640260637
277 0.000000000 0.621732533 0.378267497
278 0.000000000 0.856956303 0.143043712
279 0.000000000 0.690284252 0.309715748
280 0.000000000 0.092465617 0.907534361
281 0.000000000 0.599760652 0.400239348
282 0.000000000 0.116488062 0.883511961
283 0.000000000 0.083042957 0.916957021
284 0.000000000 0.112922229 0.887077749
285 0.000000000 0.130522609 0.869477391
286 0.000000000 0.860421956 0.139578059
287 0.000000000 0.055426691 0.944573283
288 0.000000000 0.016695453 0.983304560
289 0.000000000 0.355855584 0.644144416
290 0.000000000 0.048201017 0.951798975
291 0.000000000 0.160254434 0.839745581
292 0.000000000 0.344660342 0.655339658
293 0.000000000 0.259606659 0.740393341
294 0.000000000 0.421410114 0.578589857
295 0.000000000 0.000000000 1.000000000
296 0.000000000 0.361567110 0.638432920
297 0.000000000 0.022129094 0.977870882
298 0.000000000 0.761191726 0.238808289
299 0.000000000 0.466468334 0.533531666
300 0.000000000 0.620526016 0.379473954
301 0.000000000 0.794483125 0.205516860
302 0.000000000 0.000000000 1.000000000
303 0.000000000 0.787739158 0.212260827
304 0.000000000 1.000000000 0.000000000
305 0.000000000 0.947255015 0.052744959
306 0.000000000 0.783291042 0.216708958
307 0.000000000 0.829833448 0.170166537
308 0.000000000 0.774501264 0.225498736
309 0.000000000 0.000000000 1.000000000
310 0.000000000 1.000000000 0.000000000
311 0.000000000 1.000000000 0.000000000
312 0.000000000 1.000000000 0.000000000
313 0.000000000 1.000000000 0.000000000
314 0.000000000 1.000000000 0.000000000
315 0.000000000 1.000000000 0.000000000
316 0.000000000 0.009108262 0.990891755
317 0.000000000 0.556256115 0.443743914
318 0.000000000 0.032194424 0.967805564
319 0.000000000 0.037943602 0.962056398
320 0.000000000 0.020280410 0.979719579
321 0.000000000 0.089705378 0.910294592
322 0.000000000 0.330870956 0.669129074
323 0.000000000 0.006666181 0.993333817
324 0.097458474 0.000000000 0.902541518
325 0.996257186 0.000000000 0.003742812
326 0.930053771 0.000000000 0.069946252
327 0.872453809 0.000000000 0.127546206
328 0.859283984 0.000000000 0.140716016
329 0.894672751 0.000000000 0.105327241
330 1.000000000 0.000000000 0.000000000
331 0.104171738 0.000000000 0.895828247
332 0.970456362 0.000000000 0.029543631
333 0.871998131 0.022287140 0.105714738
334 0.918119848 0.014739656 0.067140497
335 0.925287843 0.054019108 0.020693064
336 1.000000000 0.000000000 0.000000000
337 0.961082399 0.038917616 0.000000000
338 0.099326000 0.000000000 0.900673985
339 0.848703861 0.061844368 0.089451753
340 0.752431095 0.038600527 0.208968371
341 0.921787083 0.078212924 0.000000000
342 0.903477013 0.096522972 0.000000000
343 0.836805463 0.163194522 0.000000000
344 0.823244274 0.073277310 0.103478402
345 0.112985119 0.000000000 0.887014866
346 0.674096107 0.207842350 0.118061535
347 0.673361480 0.326638550 0.000000000
348 0.254883409 0.734147012 0.010969555
349 0.306651592 0.693348408 0.000000000
350 0.359915137 0.640084863 0.000000000
351 0.361443311 0.638556719 0.000000000
352 0.065779403 0.035577841 0.898642778
353 0.005305934 0.994694054 0.000000000
354 0.048076227 0.737475812 0.214447960
355 0.043093000 0.866095483 0.090811528
356 0.005913931 0.814142644 0.179943442
357 0.077378251 0.677882314 0.244739458
358 0.024928041 0.975071967 0.000000000
359 0.077495143 0.018966815 0.903538048
360 0.109143704 0.141612232 0.749244094
361 0.970123708 0.000000000 0.029876297
362 0.978645623 0.021354387 0.000000000
363 0.932282031 0.010510292 0.057207696
364 1.000000000 0.000000000 0.000000000
365 0.981645167 0.018354854 0.000000000
366 1.000000000 0.000000000 0.000000000
367 0.169381693 0.080547243 0.750071049
368 1.000000000 0.000000000 0.000000000
369 1.000000000 0.000000000 0.000000000
370 1.000000000 0.000000000 0.000000000
371 1.000000000 0.000000000 0.000000000
372 0.981191039 0.000000000 0.018808980
373 0.981890261 0.000000000 0.018109724
374 0.011954986 0.082271352 0.905773640
375 0.987444282 0.000156416 0.012399320
376 0.954312801 0.045687210 0.000000000
377 0.959829986 0.028711196 0.011458840
378 1.000000000 0.000000000 0.000000000
379 0.930034816 0.069965214 0.000000000
380 0.884082377 0.114190698 0.001726941
381 0.006354547 0.078871027 0.914774418
382 0.604661345 0.395338655 0.000000000
383 0.698829591 0.301170409 0.000000000
384 0.438918412 0.561081588 0.000000000
385 0.438629925 0.561370075 0.000000000
386 0.460730165 0.539269865 0.000000000
387 0.487581521 0.512418509 0.000000000
388 0.052088566 0.186415493 0.761495948
389 0.000000000 1.000000000 0.000000000
390 0.109290972 0.760110378 0.130598679
391 0.135214359 0.726958513 0.137827143
392 0.042212132 0.893018603 0.064769246
393 0.134468809 0.779518366 0.086012818
394 0.063708894 0.936291099 0.000000000
395 0.035177268 0.076873541 0.887949169
396 0.058745768 0.941254258 0.000000000
397 1.000000000 0.000000000 0.000000000
398 0.984398365 0.015601640 0.000000000
399 1.000000000 0.000000000 0.000000000
400 1.000000000 0.000000000 0.000000000
401 1.000000000 0.000000000 0.000000000
402 0.968310833 0.031689141 0.000000000
403 0.092997544 0.907002449 0.000000000
404 1.000000000 0.000000000 0.000000000
405 1.000000000 0.000000000 0.000000000
406 1.000000000 0.000000000 0.000000000
407 1.000000000 0.000000000 0.000000000
408 0.975946307 0.024053667 0.000000000
409 1.000000000 0.000000000 0.000000000
410 0.112848975 0.887151003 0.000000000
411 1.000000000 0.000000000 0.000000000
412 1.000000000 0.000000000 0.000000000
413 1.000000000 0.000000000 0.000000000
414 0.951208591 0.048791409 0.000000000
415 0.986433744 0.013566271 0.000000000
416 0.845214367 0.154785618 0.000000000
417 0.065233581 0.934766412 0.000000000
418 0.882052541 0.117947489 0.000000000
419 1.000000000 0.000000000 0.000000000
420 0.813685775 0.186314225 0.000000000
421 0.903771639 0.096228376 0.000000000
422 0.930934906 0.069065124 0.000000000
423 0.878700674 0.121299304 0.000000000
424 0.007935181 0.992064834 0.000000000
425 0.320726663 0.679273367 0.000000000
426 0.065072678 0.934927344 0.000000000
427 0.039551947 0.960448027 0.000000000
428 0.032459028 0.967540979 0.000000000
429 0.121597566 0.878402412 0.000000000
430 0.307674438 0.692325532 0.000000000
431 0.036436193 0.963563800 0.000000000
432 0.072410800 0.927589178 0.000000000
433 1.000000000 0.000000000 0.000000000
434 1.000000000 0.000000000 0.000000000
435 1.000000000 0.000000000 0.000000000
436 1.000000000 0.000000000 0.000000000
437 1.000000000 0.000000000 0.000000000
438 0.990769446 0.009230571 0.000000000
439 0.114641979 0.885358036 0.000000000
440 1.000000000 0.000000000 0.000000000
441 0.997549415 0.002450565 0.000000000
442 1.000000000 0.000000000 0.000000000
443 1.000000000 0.000000000 0.000000000
444 1.000000000 0.000000000 0.000000000
445 1.000000000 0.000000000 0.000000000
446 0.061504614 0.938495398 0.000000000
447 0.988732100 0.011267914 0.000000000
448 1.000000000 0.000000000 0.000000000
449 0.978917420 0.021082595 0.000000000
450 1.000000000 0.000000000 0.000000000
451 0.847147882 0.152852148 0.000000000
452 0.949619770 0.050380234 0.000000000
453 0.105178066 0.894821942 0.000000000
454 0.971338034 0.028661981 0.000000000
455 0.812469006 0.187530965 0.000000000
456 0.928650498 0.071349517 0.000000000
457 0.840218961 0.159781039 0.000000000
458 0.982474566 0.017525405 0.000000000
459 0.914592981 0.085407026 0.000000000
460 0.077157736 0.922842264 0.000000000
461 0.360857517 0.639142454 0.000000000
462 0.076126054 0.923873961 0.000000000
463 0.044432897 0.955567122 0.000000000
464 0.119821802 0.880178213 0.000000000
465 0.076465413 0.923534572 0.000000000
466 0.358059555 0.641940475 0.000000000
467 0.046454601 0.953545392 0.000000000
468 0.000000000 0.812533617 0.187466398
469 0.000000000 0.819912374 0.180087626
470 0.000000000 0.900810599 0.099189408
471 0.000000000 0.722504675 0.277495295
472 0.000000000 0.892579794 0.107420191
473 0.000000000 1.000000000 0.000000000
474 0.000000000 0.941013098 0.058986910
475 0.000000000 0.916531861 0.083468132
476 0.000000000 1.000000000 0.000000000
477 0.000000000 0.924069047 0.075930923
478 0.000000000 0.733510733 0.266489267
479 0.000000000 1.000000000 0.000000000
480 0.000000000 0.978055656 0.021944355
481 0.000000000 1.000000000 0.000000000
482 0.000000000 1.000000000 0.000000000
483 0.000000000 1.000000000 0.000000000
484 0.000000000 0.849658072 0.150341928
485 0.000000000 1.000000000 0.000000000
486 0.000000000 1.000000000 0.000000000
487 0.000000000 1.000000000 0.000000000
488 0.000000000 0.960889161 0.039110851
489 0.000000000 0.896532476 0.103467494
490 0.000000000 0.996526599 0.003473383
491 0.000000000 1.000000000 0.000000000
492 0.000000000 1.000000000 0.000000000
493 0.000000000 1.000000000 0.000000000
494 0.000000000 1.000000000 0.000000000
495 0.000000000 1.000000000 0.000000000
496 0.000000000 0.299942762 0.700057209
497 0.000000000 1.000000000 0.000000000
498 0.000000000 0.918463886 0.081536144
499 0.000000000 0.980839968 0.019160032
500 0.000000000 1.000000000 0.000000000
501 0.000000000 1.000000000 0.000000000
502 0.000000000 1.000000000 0.000000000
503 0.000000000 0.524961650 0.475038350
504 0.000000000 0.064442322 0.935557663
505 0.000000000 0.286913127 0.713086903
506 0.000000000 0.659621716 0.340378284
507 0.000000000 0.590852082 0.409147918
508 0.000000000 0.784632027 0.215367988
509 0.000000000 0.677048564 0.322951406
510 0.000000000 0.034616750 0.965383232
511 0.000000000 0.000000000 1.000000000
512 0.000000000 0.733910918 0.266089082
513 0.000000000 0.679301262 0.320698708
514 0.000000000 0.847326875 0.152673140
515 0.000000000 0.885615587 0.114384390
516 0.000000000 0.144707650 0.855292320
517 0.000000000 0.524937749 0.475062251
518 0.000000000 0.000000000 1.000000000
519 0.000000000 0.897753775 0.102246225
520 0.000000000 0.958297014 0.041703012
521 0.000000000 0.987940729 0.012059270
522 0.000000000 0.746364117 0.253635913
523 0.000000000 0.701946318 0.298053652
524 0.000000000 0.977160573 0.022839427
525 0.000000000 0.000000000 1.000000000
526 0.000000000 1.000000000 0.000000000
527 0.000000000 0.981813967 0.018186007
528 0.000000000 0.510107517 0.489892513
529 0.000000000 0.569967091 0.430032939
530 0.000000000 0.999297440 0.000702548
531 0.000000000 1.000000000 0.000000000
532 0.000000000 0.037299190 0.962700784
533 0.000000000 0.440833658 0.559166372
534 0.000000000 0.053835738 0.946164250
535 0.000000000 0.036195133 0.963804841
536 0.000000000 0.022380536 0.977619469
537 0.000000000 0.027514661 0.972485363
538 0.000000000 0.771056235 0.228943795
539 0.000000000 0.035202969 0.964797020
540 0.088302799 0.021212650 0.890484571
541 0.991204202 0.000907593 0.007888230
542 0.950456142 0.010166919 0.039376963
543 0.970310748 0.000000000 0.029689237
544 0.992747307 0.007252703 0.000000000
545 0.987132192 0.000000000 0.012867834
546 0.952674925 0.000000000 0.047325067
547 0.073057279 0.026102547 0.900840163
548 1.000000000 0.000000000 0.000000000
549 0.909788787 0.000000000 0.090211198
550 1.000000000 0.000000000 0.000000000
551 0.962377429 0.007307629 0.030314913
552 0.876650870 0.000000000 0.123349160
553 0.951475739 0.000000000 0.048524234
554 0.071155891 0.038129561 0.890714526
555 0.934369802 0.000000000 0.065630220
556 0.952263772 0.000000000 0.047736216
557 0.896513700 0.008282261 0.095204011
558 0.676865935 0.053512957 0.269621104
559 0.813173354 0.057131454 0.129695222
560 0.928111017 0.002777100 0.069111906
561 0.109800816 0.000000000 0.890199184
562 0.929103315 0.042556383 0.028340312
563 0.837925375 0.153055459 0.009019177
564 0.266331375 0.686513782 0.047154840
565 0.402796239 0.597203791 0.000000000
566 0.569736898 0.430263132 0.000000000
567 0.591252923 0.408747107 0.000000000
568 0.067484878 0.030596094 0.901919007
569 0.092857532 0.756291747 0.150850728
570 0.028990015 0.499474108 0.471535891
571 0.043256991 0.599495590 0.357247442
572 0.053698231 0.734853566 0.211448178
573 0.075717777 0.683443010 0.240839228
574 0.368037552 0.631962478 0.000000000
575 0.062859878 0.036599502 0.900540590
576 0.093981124 0.173952758 0.732066095
577 0.847590804 0.152409226 0.000000000
578 0.938277483 0.061722513 0.000000000
579 0.999134123 0.000000000 0.000865886
580 0.981608748 0.018391259 0.000000000
581 0.820995927 0.164818674 0.014185396
582 0.989959300 0.010040684 0.000000000
583 0.049846202 0.058982521 0.891171277
584 0.966878593 0.006448177 0.026673228
585 0.998827934 0.000000000 0.001172037
586 0.964297593 0.035702415 0.000000000
587 0.910842061 0.068512790 0.020645143
588 0.914608181 0.000000000 0.085391827
589 0.909231126 0.077282280 0.013486602
590 0.022957401 0.041483350 0.935559273
591 0.916494966 0.019775322 0.063729733
592 0.685917199 0.265493840 0.048588961
593 0.802863300 0.178022921 0.019113783
594 0.763013363 0.236986622 0.000000000
595 0.717693686 0.282306343 0.000000000
596 0.538560092 0.414380461 0.047059450
597 0.051080491 0.015574993 0.933344543
598 0.536102235 0.424454361 0.039443430
599 0.782256603 0.217743412 0.000000000
600 0.366232038 0.633767962 0.000000000
601 0.263784140 0.736215830 0.000000000
602 0.270092785 0.729907215 0.000000000
603 0.392759800 0.607240200 0.000000000
604 0.000000000 0.066620715 0.933379292
605 0.045677561 0.954322457 0.000000000
606 0.000000000 0.777615130 0.222384885
607 0.000000000 0.782655537 0.217344478
608 0.032415260 0.821731687 0.145853087
609 0.095321923 0.667922139 0.236755952
610 0.143273115 0.856726885 0.000000000
611 0.062002547 0.000000000 0.937997460
612 0.002518524 0.997481465 0.000000000
613 0.929762185 0.070237793 0.000000000
614 0.988657713 0.011342263 0.000000000
615 1.000000000 0.000000000 0.000000000
616 1.000000000 0.000000000 0.000000000
617 0.926724553 0.073275425 0.000000000
618 0.958814919 0.041185066 0.000000000
619 0.011315074 0.988684952 0.000000000
620 1.000000000 0.000000000 0.000000000
621 0.989765763 0.010234213 0.000000000
622 0.972691119 0.027308870 0.000000000
623 1.000000000 0.000000000 0.000000000
624 0.976125717 0.023874296 0.000000000
625 0.948126078 0.051873900 0.000000000
626 0.142333359 0.857666671 0.000000000
627 0.958822250 0.041177772 0.000000000
628 1.000000000 0.000000000 0.000000000
629 1.000000000 0.000000000 0.000000000
630 0.835121453 0.164878517 0.000000000
631 0.948801458 0.051198546 0.000000000
632 1.000000000 0.000000000 0.000000000
633 0.120918408 0.879081607 0.000000000
634 0.947314322 0.052685674 0.000000000
635 1.000000000 0.000000000 0.000000000
636 0.806595862 0.193404138 0.000000000
637 0.829780519 0.170219466 0.000000000
638 0.993538618 0.006461363 0.000000000
639 1.000000000 0.000000000 0.000000000
640 0.085008875 0.914991140 0.000000000
641 0.518620372 0.481379658 0.000000000
642 0.000000000 1.000000000 0.000000000
643 0.112537131 0.887462854 0.000000000
644 0.125920981 0.874079049 0.000000000
645 0.262691379 0.737308621 0.000000000
646 0.345553607 0.654446423 0.000000000
647 0.000000000 1.000000000 0.000000000
648 0.082563169 0.917436838 0.000000000
649 1.000000000 0.000000000 0.000000000
650 1.000000000 0.000000000 0.000000000
651 1.000000000 0.000000000 0.000000000
652 1.000000000 0.000000000 0.000000000
653 1.000000000 0.000000000 0.000000000
654 1.000000000 0.000000000 0.000000000
655 0.066286944 0.933713078 0.000000000
656 1.000000000 0.000000000 0.000000000
657 1.000000000 0.000000000 0.000000000
658 1.000000000 0.000000000 0.000000000
659 0.940905452 0.059094518 0.000000000
660 1.000000000 0.000000000 0.000000000
661 1.000000000 0.000000000 0.000000000
662 0.000000000 1.000000000 0.000000000
663 0.968855083 0.031144939 0.000000000
664 0.949374855 0.050625175 0.000000000
665 0.925737858 0.074262157 0.000000000
666 0.930897534 0.069102488 0.000000000
667 0.954839826 0.045160156 0.000000000
668 0.813742399 0.186257571 0.000000000
669 0.059241928 0.940758049 0.000000000
670 0.766527951 0.233472064 0.000000000
671 0.892894864 0.107105136 0.000000000
672 0.895562708 0.104437299 0.000000000
673 0.646154404 0.353845626 0.000000000
674 0.890339732 0.109660245 0.000000000
675 0.798143983 0.201856032 0.000000000
676 0.090533949 0.909466028 0.000000000
677 0.593536437 0.406463563 0.000000000
678 0.072731644 0.927268326 0.000000000
679 0.136072576 0.863927424 0.000000000
680 0.206643507 0.793356478 0.000000000
681 0.377875090 0.622124910 0.000000000
682 0.581625640 0.418374389 0.000000000
683 0.079379670 0.920620322 0.000000000
684 0.000000000 0.513436675 0.486563295
685 0.000000000 0.461264879 0.538735092
686 0.000000000 0.456358820 0.543641210
687 0.000000000 0.104263917 0.895736098
688 0.000000000 0.910847187 0.089152828
689 0.000000000 0.575704873 0.424295127
690 0.000000000 0.363155663 0.636844337
691 0.000000000 0.532209933 0.467790037
692 0.000000000 0.310234189 0.689765811
693 0.000000000 0.241081104 0.758918881
694 0.000000000 0.979616463 0.020383537
695 0.000000000 0.380128354 0.619871616
696 0.000000000 0.703810632 0.296189368
697 0.000000000 0.850907922 0.149092093
698 0.000000000 0.659440458 0.340559512
699 0.000000000 0.518105984 0.481893986
700 0.000000000 0.993091822 0.006908171
701 0.000000000 0.924402356 0.075597674
702 0.000000000 0.702919245 0.297080755
703 0.000000000 0.962532580 0.037467405
704 0.000000000 0.755931556 0.244068444
705 0.000000000 0.537752867 0.462247133
706 0.000000000 1.000000000 0.000000000
707 0.000000000 0.967774749 0.032225259
708 0.000000000 0.641336143 0.358663887
709 0.000000000 1.000000000 0.000000000
710 0.000000000 0.921455085 0.078544922
711 0.000000000 0.500228703 0.499771297
712 0.000000000 0.156498760 0.843501270
713 0.000000000 0.826562285 0.173437715
714 0.000000000 0.467089325 0.532910645
715 0.000000000 0.638407707 0.361592293
716 0.000000000 0.523056984 0.476943016
717 0.000000000 0.368508399 0.631491601
718 0.000000000 1.000000000 0.000000000
719 0.000000000 0.297193706 0.702806294
720 0.000000000 0.082220592 0.917779386
721 0.000000000 0.431279004 0.568720996
722 0.000000000 0.235477298 0.764522731
723 0.000000000 0.169918761 0.830081224
724 0.000000000 0.735960484 0.264039516
725 0.000000000 0.469671398 0.530328572
726 0.000000000 0.248346835 0.751653135
727 0.000000000 0.000000000 1.000000000
728 0.000000000 0.384290963 0.615709007
729 0.000000000 0.130721435 0.869278550
730 0.000000000 1.000000000 0.000000000
731 0.000000000 0.430266470 0.569733560
732 0.000000000 0.134107590 0.865892410
733 0.000000000 0.308098644 0.691901326
734 0.000000000 0.000000000 1.000000000
735 0.000000000 0.306958467 0.693041563
736 0.000000000 0.975566268 0.024433754
737 0.000000000 0.499014407 0.500985563
738 0.000000000 0.604340732 0.395659238
739 0.000000000 0.863299429 0.136700541
740 0.000000000 0.939055324 0.060944706
741 0.000000000 0.000000000 1.000000000
742 0.000000000 1.000000000 0.000000000
743 0.000000000 0.793948412 0.206051558
744 0.000000000 0.963309646 0.036690343
745 0.000000000 1.000000000 0.000000000
746 0.000000000 1.000000000 0.000000000
747 0.000000000 1.000000000 0.000000000
748 0.000000000 0.050818089 0.949181914
749 0.000000000 0.891125441 0.108874574
750 0.000000000 0.090432256 0.909567714
751 0.000000000 0.185734048 0.814265966
752 0.000000000 0.125444323 0.874555647
753 0.000000000 0.199486718 0.800513268
754 0.000000000 1.000000000 0.000000000
755 0.000000000 0.000000000 1.000000000
756 0.072842084 0.000000000 0.927157938
757 0.921108246 0.000000000 0.078891754
758 0.760974288 0.000000000 0.239025712
759 0.780773997 0.000000000 0.219225973
760 1.000000000 0.000000000 0.000000000
761 0.905758381 0.037527844 0.056713775
762 0.926881909 0.073118083 0.000000000
763 0.117562182 0.000000000 0.882437825
764 0.981092632 0.000271689 0.018635707
765 0.819724858 0.000000000 0.180275157
766 1.000000000 0.000000000 0.000000000
767 0.875579715 0.000000000 0.124420285
768 0.999534309 0.000465680 0.000000000
769 0.974909544 0.008193127 0.016897324
770 0.099355109 0.000000000 0.900644898
771 0.711727560 0.000000000 0.288272440
772 0.960996389 0.032739300 0.006264290
773 0.836074412 0.000000000 0.163925603
774 0.939411879 0.000000000 0.060588107
775 0.901108384 0.098891638 0.000000000
776 1.000000000 0.000000000 0.000000000
777 0.072089739 0.000000000 0.927910268
778 1.000000000 0.000000000 0.000000000
779 0.924018383 0.074802324 0.001179302
780 0.373124629 0.626875341 0.000000000
781 0.448795825 0.551204145 0.000000000
782 0.669815481 0.330184519 0.000000000
783 0.595104158 0.404895842 0.000000000
784 0.074298725 0.086056225 0.839645028
785 0.182807252 0.817192733 0.000000000
786 0.078265473 0.362949878 0.558784664
787 0.092074618 0.628707826 0.279217571
788 0.062543154 0.727008581 0.210448280
789 0.072847426 0.493112504 0.434040070
790 0.073008649 0.926991343 0.000000000
791 0.081323154 0.030779321 0.887897551
792 0.100043744 0.131560013 0.768396258
793 0.884271562 0.049778983 0.065949425
794 0.953605711 0.046394266 0.000000000
795 0.928831518 0.029033087 0.042135399
796 0.923177481 0.023169139 0.053653393
797 0.909876287 0.090123706 0.000000000
798 0.966987610 0.000000000 0.033012420
799 0.216590509 0.095053062 0.688356400
800 0.993065000 0.006934992 0.000000000
801 0.912940681 0.047767304 0.039292041
802 1.000000000 0.000000000 0.000000000
803 0.908397496 0.091602474 0.000000000
804 0.995557070 0.000000000 0.004442901
805 1.000000000 0.000000000 0.000000000
806 0.155737817 0.116022959 0.728239238
807 0.942884803 0.000000000 0.057115186
808 0.995251179 0.004748848 0.000000000
809 0.913145006 0.086854979 0.000000000
810 1.000000000 0.000000000 0.000000000
811 1.000000000 0.000000000 0.000000000
812 0.936726093 0.063273914 0.000000000
813 0.147264838 0.054842006 0.797893167
814 0.795739233 0.204260796 0.000000000
815 0.934711695 0.065288305 0.000000000
816 0.689604163 0.310395837 0.000000000
817 0.720211565 0.279788405 0.000000000
818 0.692413330 0.307586640 0.000000000
819 0.751610935 0.248389065 0.000000000
820 0.047341067 0.310230404 0.642428517
821 0.272280723 0.727719307 0.000000000
822 0.111037411 0.631486058 0.257476509
823 0.118475482 0.748268008 0.133256495
824 0.107362553 0.770663977 0.121973500
825 0.117918186 0.771362245 0.110719591
826 0.112118393 0.887881637 0.000000000
827 0.048892394 0.083197571 0.867910028
828 0.084168822 0.915831149 0.000000000
829 1.000000000 0.000000000 0.000000000
830 1.000000000 0.000000000 0.000000000
831 1.000000000 0.000000000 0.000000000
832 1.000000000 0.000000000 0.000000000
833 0.985329747 0.014670256 0.000000000
834 1.000000000 0.000000000 0.000000000
835 0.245778963 0.754221022 0.000000000
836 1.000000000 0.000000000 0.000000000
837 1.000000000 0.000000000 0.000000000
838 1.000000000 0.000000000 0.000000000
839 1.000000000 0.000000000 0.000000000
840 1.000000000 0.000000000 0.000000000
841 1.000000000 0.000000000 0.000000000
842 0.187512398 0.812487602 0.000000000
843 1.000000000 0.000000000 0.000000000
844 1.000000000 0.000000000 0.000000000
845 1.000000000 0.000000000 0.000000000
846 1.000000000 0.000000000 0.000000000
847 1.000000000 0.000000000 0.000000000
848 1.000000000 0.000000000 0.000000000
849 0.126322910 0.873677075 0.000000000
850 1.000000000 0.000000000 0.000000000
851 1.000000000 0.000000000 0.000000000
852 0.995353639 0.004646362 0.000000000
853 1.000000000 0.000000000 0.000000000
854 0.977477849 0.022522163 0.000000000
855 0.972866952 0.027133046 0.000000000
856 0.123290963 0.876709044 0.000000000
857 0.904099107 0.095900893 0.000000000
858 0.079512395 0.920487583 0.000000000
859 0.112978742 0.887021244 0.000000000
860 0.082382984 0.917617023 0.000000000
861 0.091613188 0.908386827 0.000000000
862 0.428309649 0.571690381 0.000000000
863 0.024518067 0.975481927 0.000000000
864 0.064279921 0.935720086 0.000000000
865 1.000000000 0.000000000 0.000000000
866 1.000000000 0.000000000 0.000000000
867 0.985917866 0.014082161 0.000000000
868 1.000000000 0.000000000 0.000000000
869 0.953135729 0.046864245 0.000000000
870 1.000000000 0.000000000 0.000000000
871 0.108660921 0.891339064 0.000000000
872 0.980348408 0.019651592 0.000000000
873 1.000000000 0.000000000 0.000000000
874 1.000000000 0.000000000 0.000000000
875 0.944751918 0.055248104 0.000000000
876 1.000000000 0.000000000 0.000000000
877 0.988214970 0.011785004 0.000000000
878 0.109918095 0.890081882 0.000000000
879 0.968173146 0.031826880 0.000000000
880 1.000000000 0.000000000 0.000000000
881 1.000000000 0.000000000 0.000000000
882 1.000000000 0.000000000 0.000000000
883 1.000000000 0.000000000 0.000000000
884 0.962285578 0.037714407 0.000000000
885 0.098918669 0.901081324 0.000000000
886 0.986555159 0.013444832 0.000000000
887 1.000000000 0.000000000 0.000000000
888 0.920502067 0.079497918 0.000000000
889 0.770332396 0.229667619 0.000000000
890 0.956177473 0.043822501 0.000000000
891 0.822901607 0.177098364 0.000000000
892 0.085000552 0.914999425 0.000000000
893 0.444564670 0.555435359 0.000000000
894 0.106500708 0.893499315 0.000000000
895 0.078525662 0.921474338 0.000000000
896 0.073080890 0.926919103 0.000000000
897 0.117469788 0.882530212 0.000000000
898 0.401109219 0.598890781 0.000000000
899 0.030510705 0.969489276 0.000000000
900 0.000000000 0.592986703 0.407013297
901 0.000000000 0.553685725 0.446314245
902 0.000000000 0.417955697 0.582044303
903 0.000000000 0.211835206 0.788164794
904 0.000000000 0.828140140 0.171859890
905 0.000000000 0.494552732 0.505447268
906 0.000000000 0.472853959 0.527146041
907 0.000000000 0.826381266 0.173618704
908 0.000000000 0.297182620 0.702817380
909 0.000000000 0.269063175 0.730936825
910 0.000000000 0.953216791 0.046783201
911 0.000000000 0.619050026 0.380950004
912 0.000000000 0.676560581 0.323439419
913 0.000000000 0.673238397 0.326761603
914 0.000000000 0.663472176 0.336527824
915 0.000000000 0.386934549 0.613065481
916 0.000000000 0.973497570 0.026502406
917 0.000000000 0.818715632 0.181284368
918 0.000000000 0.573249221 0.426750779
919 0.000000000 0.828868330 0.171131641
920 0.000000000 0.574729264 0.425270766
921 0.000000000 0.570754826 0.429245174
922 0.000000000 1.000000000 0.000000000
923 0.000000000 0.832792222 0.167207807
924 0.000000000 1.000000000 0.000000000
925 0.000000000 1.000000000 0.000000000
926 0.000000000 0.868276060 0.131723955
927 0.000000000 0.982692122 0.017307907
928 0.000000000 0.201219231 0.798780739
929 0.000000000 0.985431612 0.014568410
930 0.000000000 0.381130397 0.618869603
931 0.000000000 0.446944386 0.553055584
932 0.000000000 0.398293942 0.601706088
933 0.000000000 0.429132611 0.570867360
934 0.000000000 1.000000000 0.000000000
935 0.000000000 0.442798525 0.557201505
936 0.000000000 0.106151231 0.893848777
937 0.000000000 0.000000000 1.000000000
938 0.000000000 0.016256470 0.983743548
939 0.000000000 0.000000000 1.000000000
940 0.000000000 0.585795283 0.414204717
941 0.000000000 0.000000000 1.000000000
942 0.000000000 0.000000000 1.000000000
943 0.000000000 0.021445604 0.978554368
944 0.000000000 0.000822091 0.999177933
945 0.000000000 0.095572300 0.904427707
946 0.000000000 0.621379495 0.378620505
947 0.000000000 0.000000000 1.000000000
948 0.000000000 0.104755044 0.895244956
949 0.000000000 0.149817988 0.850181997
950 0.000000000 0.033290341 0.966709673
951 0.000000000 0.137730569 0.862269402
952 0.000000000 0.709517121 0.290482879
953 0.000000000 0.208234355 0.791765630
954 0.000000000 0.628310382 0.371689647
955 0.000000000 0.675028682 0.324971318
956 0.000000000 0.641785324 0.358214676
957 0.000000000 0.000000000 1.000000000
958 0.000000000 0.980943143 0.019056868
959 0.000000000 0.711924374 0.288075626
960 0.000000000 0.871592879 0.128407121
961 0.000000000 0.866377056 0.133622959
962 0.000000000 0.855319321 0.144680664
963 0.000000000 1.000000000 0.000000000
964 0.000000000 0.000000000 1.000000000
965 0.000000000 0.812310040 0.187689960
966 0.000000000 0.023121873 0.976878107
967 0.000000000 0.013770067 0.986229956
968 0.000000000 0.065327160 0.934672832
969 0.000000000 0.183168694 0.816831291
970 0.000000000 0.737032354 0.262967646
971 0.000000000 0.012938121 0.987061858
972 0.171512932 0.000000000 0.828487098
973 0.974638224 0.000000000 0.025361801
974 1.000000000 0.000000000 0.000000000
975 1.000000000 0.000000000 0.000000000
976 1.000000000 0.000000000 0.000000000
977 0.945156217 0.000000000 0.054843791
978 0.900517166 0.099482812 0.000000000
979 0.152826175 0.094855703 0.752318144
980 0.977918386 0.000000000 0.022081595
981 0.999267578 0.000732413 0.000000000
982 0.963336229 0.036663771 0.000000000
983 0.989765823 0.000000000 0.010234178
984 0.990841031 0.000000000 0.009158993
985 0.872120500 0.127879471 0.000000000
986 0.041993439 0.108295627 0.849710941
987 0.960887492 0.003800509 0.035311993
988 0.948725522 0.051274486 0.000000000
989 0.940719962 0.026009435 0.033270605
990 0.772797585 0.048398312 0.178804100
991 0.738793552 0.187830478 0.073375985
992 0.801393986 0.052658170 0.145947859
993 0.118608557 0.000000000 0.881391466
994 0.858211637 0.117551997 0.024236372
995 0.689611197 0.093784668 0.216604143
996 0.523985803 0.439237237 0.036776941
997 0.534790039 0.465209961 0.000000000
998 0.687621355 0.288320631 0.024057992
999 0.748852611 0.244730994 0.006416411
1000 0.033831887 0.022094635 0.944073498
1001 0.254674107 0.675777256 0.069548644
1002 0.023917701 0.738427162 0.237655163
1003 0.012845440 0.824082315 0.163072258
1004 0.032269981 0.828626692 0.139103323
1005 0.027882308 0.926814318 0.045303348
1006 0.141673341 0.858326674 0.000000000
1007 0.045294080 0.004657053 0.950048864
1008 0.069238752 0.074860305 0.855900943
1009 1.000000000 0.000000000 0.000000000
1010 1.000000000 0.000000000 0.000000000
1011 1.000000000 0.000000000 0.000000000
1012 1.000000000 0.000000000 0.000000000
1013 0.922913671 0.000000000 0.077086337
1014 1.000000000 0.000000000 0.000000000
1015 0.106608167 0.154112622 0.739279211
1016 1.000000000 0.000000000 0.000000000
1017 1.000000000 0.000000000 0.000000000
1018 1.000000000 0.000000000 0.000000000
1019 0.894890249 0.000000000 0.105109774
1020 0.965293169 0.000000000 0.034706850
1021 1.000000000 0.000000000 0.000000000
1022 0.219145402 0.011467933 0.769386649
1023 0.980614245 0.000000000 0.019385761
1024 1.000000000 0.000000000 0.000000000
1025 0.862775326 0.044950813 0.092273846
1026 0.995786369 0.004213609 0.000000000
1027 0.983973861 0.016026152 0.000000000
1028 0.889687121 0.110312894 0.000000000
1029 0.058882125 0.044899445 0.896218419
1030 0.765930176 0.234069794 0.000000000
1031 0.762105227 0.122951135 0.114943653
1032 0.649743199 0.343504697 0.006752100
1033 0.679042459 0.266720116 0.054237399
1034 0.793721616 0.206278384 0.000000000
1035 0.645988107 0.346830308 0.007181575
1036 0.000000000 0.000000000 1.000000000
1037 0.163231254 0.836768746 0.000000000
1038 0.023832176 0.590429068 0.385738730
1039 0.033496160 0.676541805 0.289962023
1040 0.047214005 0.728562832 0.224223137
1041 0.046652671 0.688543320 0.264804006
1042 0.118074276 0.881925702 0.000000000
1043 0.099232838 0.000000000 0.900767148
1044 0.065110065 0.934889913 0.000000000
1045 0.880097568 0.119902454 0.000000000
1046 0.878997147 0.121002853 0.000000000
1047 0.821651697 0.178348288 0.000000000
1048 0.923297405 0.076702610 0.000000000
1049 0.974828780 0.025171222 0.000000000
1050 0.924070299 0.075929731 0.000000000
1051 0.147216439 0.852783561 0.000000000
1052 1.000000000 0.000000000 0.000000000
1053 0.924493909 0.075506121 0.000000000
1054 0.977740943 0.022259051 0.000000000
1055 1.000000000 0.000000000 0.000000000
1056 1.000000000 0.000000000 0.000000000
1057 0.946825445 0.053174537 0.000000000
1058 0.167301819 0.832698166 0.000000000
1059 0.938389719 0.061610252 0.000000000
1060 0.965654671 0.034345321 0.000000000
1061 0.979586542 0.020413466 0.000000000
1062 0.989650309 0.010349710 0.000000000
1063 1.000000000 0.000000000 0.000000000
1064 1.000000000 0.000000000 0.000000000
1065 0.110886917 0.889113069 0.000000000
1066 0.953347683 0.046652317 0.000000000
1067 1.000000000 0.000000000 0.000000000
1068 0.838783741 0.161216259 0.000000000
1069 0.848754406 0.151245624 0.000000000
1070 1.000000000 0.000000000 0.000000000
1071 1.000000000 0.000000000 0.000000000
1072 0.052640986 0.947359025 0.000000000
1073 0.646012008 0.353987992 0.000000000
1074 0.025511151 0.974488854 0.000000000
1075 0.020096257 0.979903758 0.000000000
1076 0.000000000 1.000000000 0.000000000
1077 0.021882808 0.978117168 0.000000000
1078 0.211663291 0.788336694 0.000000000
1079 0.000000000 1.000000000 0.000000000
1080 0.100983366 0.899016619 0.000000000
1081 0.987038970 0.012961036 0.000000000
1082 0.949755609 0.050244384 0.000000000
1083 1.000000000 0.000000000 0.000000000
1084 1.000000000 0.000000000 0.000000000
1085 1.000000000 0.000000000 0.000000000
1086 0.975850046 0.024149967 0.000000000
1087 0.124893300 0.875106692 0.000000000
1088 1.000000000 0.000000000 0.000000000
1089 1.000000000 0.000000000 0.000000000
1090 1.000000000 0.000000000 0.000000000
1091 1.000000000 0.000000000 0.000000000
1092 1.000000000 0.000000000 0.000000000
1093 1.000000000 0.000000000 0.000000000
1094 0.127546519 0.872453451 0.000000000
1095 0.966604650 0.033395343 0.000000000
1096 0.941067159 0.058932822 0.000000000
1097 1.000000000 0.000000000 0.000000000
1098 0.963824928 0.036175083 0.000000000
1099 0.979201078 0.020798936 0.000000000
1100 0.933341086 0.066658944 0.000000000
1101 0.100930519 0.899069488 0.000000000
1102 0.819765806 0.180234194 0.000000000
1103 0.972839475 0.027160531 0.000000000
1104 0.990560889 0.009439087 0.000000000
1105 0.856843293 0.143156722 0.000000000
1106 0.955970049 0.044029981 0.000000000
1107 0.853933036 0.146066934 0.000000000
1108 0.094164930 0.905835092 0.000000000
1109 0.486482739 0.513517261 0.000000000
1110 0.087628230 0.912371755 0.000000000
1111 0.022176659 0.977823317 0.000000000
1112 0.053223576 0.946776450 0.000000000
1113 0.088968590 0.911031425 0.000000000
1114 0.290429264 0.709570765 0.000000000
1115 0.037494127 0.962505877 0.000000000
