0 0.000000000 0.829217970 0.170782000
1 0.000000000 0.760537088 0.239462912
2 0.000000000 0.876185834 0.123814158
3 0.000000000 0.919490516 0.080509514
4 0.000000000 0.683405161 0.316594839
5 0.000000000 0.399146348 0.600853682
6 0.000000000 0.476375490 0.523624539
7 0.000000000 0.526071727 0.473928243
8 0.000000000 0.827813685 0.172186315
9 0.000000000 0.942234874 0.057765156
10 0.000000000 0.431806892 0.568193078
11 0.000000000 0.024560098 0.975439906
12 0.946804285 0.042807724 0.010388019
13 0.808236718 0.088605024 0.103158228
14 0.600950360 0.335924119 0.063125499
15 0.453640789 0.384141445 0.162217766
16 0.018807245 0.656054378 0.325138360
17 0.000000000 0.384285063 0.615714967
18 0.996058106 0.000000000 0.003941901
19 0.909003198 0.076973788 0.014023040
20 0.776956677 0.198330715 0.024712585
21 0.600097656 0.336454183 0.063448191
22 0.010934070 0.724920332 0.264145583
23 0.000000000 0.151155531 0.848844469
24 0.820334375 0.179665610 0.000000000
25 0.910811007 0.089189000 0.000000000
26 0.663320780 0.336679220 0.000000000
27 0.516710818 0.483289182 0.000000000
28 0.036716774 0.963283241 0.000000000
29 0.000000000 1.000000000 0.000000000
30 0.839606702 0.160393327 0.000000000
31 0.734657705 0.265342265 0.000000000
32 0.186604515 0.813395500 0.000000000
33 0.012351742 0.987648249 0.000000000
34 0.000000000 1.000000000 0.000000000
35 0.000000000 1.000000000 0.000000000
36 0.000000000 0.395163387 0.604836643
37 0.000000000 0.769681334 0.230318651
38 0.000000000 0.817612767 0.182387263
39 0.000000000 0.780298591 0.219701424
40 0.000000000 0.687710702 0.312289327
41 0.000000000 0.713071704 0.286928296
42 0.000000000 0.679390728 0.320609272
43 0.000000000 0.439385206 0.560614765
44 0.000000000 0.832114995 0.167885005
45 0.000000000 0.956017315 0.043982696
46 0.000000000 0.899308145 0.100691870
47 0.000000000 0.940524220 0.059475761
48 0.000000000 0.907164037 0.092835940
49 0.000000000 0.944716632 0.055283371
50 0.000000000 0.404400587 0.595599413
51 0.000000000 0.999190032 0.000809952
52 0.000000000 0.981069326 0.018930664
53 0.000000000 0.982573569 0.017426437
54 0.000000000 0.995629668 0.004370347
55 0.000000000 0.999438167 0.000561853
56 0.000000000 0.998595119 0.001404905
57 0.000000000 0.350088328 0.649911702
58 0.000000000 0.953903139 0.046096869
59 0.000000000 0.910380661 0.089619346
60 0.000000000 0.887404382 0.112595625
61 0.000000000 0.970703185 0.029296800
62 0.000000000 0.981214702 0.018785281
63 0.000000000 0.969775498 0.030224487
64 0.000000000 0.064983115 0.935016870
65 0.000000000 0.425122917 0.574877083
66 0.000000000 0.394227296 0.605772734
67 0.000000000 0.635587752 0.364412248
68 0.000000000 0.828744173 0.171255812
69 0.000000000 0.736353815 0.263646156
70 0.000000000 0.605958760 0.394041240
71 0.000000000 0.237803251 0.762196720
72 0.000000000 0.000986406 0.999013603
73 0.000000000 0.605032563 0.394967437
74 0.000000000 0.398997933 0.601002038
75 0.000000000 0.297662228 0.702337801
76 0.000000000 0.536180019 0.463820010
77 0.000000000 0.594517827 0.405482143
78 0.000000000 0.744339049 0.255660951
79 0.000000000 0.000376412 0.999623597
80 0.000000000 0.982812285 0.017187744
81 0.000000000 0.968845725 0.031154256
82 0.000000000 0.953041732 0.046958297
83 0.000000000 0.950221658 0.049778368
84 0.000000000 0.998782575 0.001217417
85 0.000000000 0.995230436 0.004769586
86 0.000000000 0.000239208 0.999760807
87 0.000000000 0.999282300 0.000717694
88 0.000000000 0.997970462 0.002029542
89 0.000000000 0.994195580 0.005804415
90 0.000000000 0.996847630 0.003152396
91 0.000000000 0.999040246 0.000959760
92 0.000000000 0.999636531 0.000363450
93 0.000000000 0.000210160 0.999789834
94 0.000000000 0.895832419 0.104167581
95 0.000000000 0.973239064 0.026760938
96 0.000000000 0.783013165 0.216986820
97 0.000000000 0.933614314 0.066385694
98 0.000000000 0.941810191 0.058189787
99 0.000000000 0.943012297 0.056987695
100 0.000000000 0.000603480 0.999396503
101 0.000000000 0.004226532 0.995773494
102 0.000000000 0.008633601 0.991366386
103 0.000000000 0.008062663 0.991937339
104 0.000000000 0.206690431 0.793309569
105 0.000000000 0.008062663 0.991937339
106 0.000000000 0.024303433 0.975696564
107 0.000000000 0.008062663 0.991937339
108 0.000415680 0.001121733 0.998462558
109 0.999574602 0.000134602 0.000290793
110 0.999584317 0.000204149 0.000211531
111 0.999596059 0.000140588 0.000263371
112 0.998500228 0.000221460 0.001278302
113 0.999593973 0.000249896 0.000156111
114 0.998445749 0.000000000 0.001554222
115 0.000001063 0.000143987 0.999854922
116 0.959315002 0.000200388 0.040484626
117 0.993330002 0.002084209 0.004585794
118 0.991122305 0.001845149 0.007032558
119 0.964802980 0.033106126 0.002090905
120 0.892136574 0.030301072 0.077562347
121 0.948476374 0.027480077 0.024043541
122 0.000000000 0.123006150 0.876993835
123 0.814659894 0.184013411 0.001326717
124 0.684678376 0.300857395 0.014464211
125 0.731380820 0.267796785 0.000822411
126 0.613821924 0.251489341 0.134688720
127 0.673777819 0.296169460 0.030052729
128 0.785038948 0.183269456 0.031691577
129 0.000000000 0.082933351 0.917066634
130 0.334651291 0.638319969 0.027028717
131 0.372744977 0.625157356 0.002097651
132 0.291265488 0.679769993 0.028964512
133 0.193154648 0.802543759 0.004301582
134 0.371453881 0.597397745 0.031148389
135 0.255898982 0.731230140 0.012870894
136 0.000000000 0.167523697 0.832476318
137 0.000000000 0.954289973 0.045710031
138 0.008151039 0.872083604 0.119765364
139 0.000025088 0.913203180 0.086771712
140 0.001209454 0.848716974 0.150073603
141 0.000057418 0.974688470 0.025254089
142 0.003660762 0.901189804 0.095149435
143 0.000273551 0.003625807 0.996100664
144 0.000000000 0.000000000 1.000000000
145 0.999931574 0.000064666 0.000003737
146 0.999926090 0.000049619 0.000024301
147 0.999925673 0.000074332 0.000000000
148 0.999158680 0.000004201 0.000837114
149 0.999675214 0.000016787 0.000307972
150 1.000000000 0.000000000 0.000000000
151 0.000000000 0.000000000 1.000000000
152 0.972055137 0.027944859 0.000000000
153 0.998455465 0.001539003 0.000005519
154 0.983643472 0.011231355 0.005125146
155 0.977509797 0.013066380 0.009423830
156 0.906924546 0.093035676 0.000039806
157 0.989989996 0.009527547 0.000482450
158 0.000000000 0.000000000 1.000000000
159 0.934178293 0.065362610 0.000459114
160 0.858470142 0.136205912 0.005323940
161 0.826437831 0.153975010 0.019587161
162 0.678615928 0.320732981 0.000651124
163 0.814352393 0.185216650 0.000430958
164 0.891291320 0.108262837 0.000445857
165 0.000000000 0.000000000 1.000000000
166 0.379343897 0.558144271 0.062511846
167 0.562697887 0.427752316 0.009549795
168 0.136643380 0.860112786 0.003243843
169 0.297698021 0.701079428 0.001222556
170 0.356933206 0.642950833 0.000115938
171 0.528696954 0.471303076 0.000000000
172 0.000000000 0.000000000 1.000000000
173 0.020628588 0.958698511 0.020672921
174 0.000000000 0.992892563 0.007107425
175 0.000000000 0.994212389 0.005787585
176 0.067861378 0.929231822 0.002906823
177 0.057543859 0.933560073 0.008896058
178 0.058906063 0.928449512 0.012644428
179 0.000000000 0.133517638 0.866482377
180 0.000000000 1.000000000 0.000000000
181 0.998963177 0.001036838 0.000000000
182 0.998690665 0.001309319 0.000000000
183 0.998913050 0.001086944 0.000000000
184 0.999991417 0.000008581 0.000000000
185 1.000000000 0.000000000 0.000000000
186 1.000000000 0.000000000 0.000000000
187 0.000000000 1.000000000 0.000000000
188 1.000000000 0.000000000 0.000000000
189 1.000000000 0.000000000 0.000000000
190 1.000000000 0.000000000 0.000000000
191 1.000000000 0.000000000 0.000000000
192 0.995017648 0.004982350 0.000000000
193 0.992873430 0.007126572 0.000000000
194 0.000000000 1.000000000 0.000000000
195 0.256075740 0.743924260 0.000000000
196 0.956422150 0.043577876 0.000000000
197 0.959700048 0.040299941 0.000000000
198 0.901445746 0.098554283 0.000000000
199 0.088254638 0.911745369 0.000000000
200 0.872653842 0.127346158 0.000000000
201 0.000000000 1.000000000 0.000000000
202 0.944639266 0.055360712 0.000000000
203 0.914028764 0.085971214 0.000000000
204 0.775082409 0.224917620 0.000000000
205 0.932012737 0.067987248 0.000000000
206 0.837397575 0.162602410 0.000000000
207 0.927767396 0.072232589 0.000000000
208 0.000000000 1.000000000 0.000000000
209 0.203184381 0.796815634 0.000000000
210 0.380164802 0.619835198 0.000000000
211 0.437208831 0.562791169 0.000000000
212 0.472773671 0.527226329 0.000000000
213 0.778218389 0.221781641 0.000000000
214 0.613527954 0.386472076 0.000000000
215 0.000000000 1.000000000 0.000000000
216 0.000000000 1.000000000 0.000000000
217 1.000000000 0.000000000 0.000000000
218 1.000000000 0.000000000 0.000000000
219 1.000000000 0.000000000 0.000000000
220 1.000000000 0.000000000 0.000000000
221 1.000000000 0.000000000 0.000000000
222 1.000000000 0.000000000 0.000000000
223 0.000000000 1.000000000 0.000000000
224 1.000000000 0.000000000 0.000000000
225 1.000000000 0.000000000 0.000000000
226 0.940959811 0.059040166 0.000000000
227 0.992510378 0.007489617 0.000000000
228 1.000000000 0.000000000 0.000000000
229 1.000000000 0.000000000 0.000000000
230 0.000000000 1.000000000 0.000000000
231 0.533543229 0.466456741 0.000000000
232 0.000000000 1.000000000 0.000000000
233 0.824228406 0.175771609 0.000000000
234 0.866666675 0.133333340 0.000000000
235 0.000000000 1.000000000 0.000000000
236 0.000000000 1.000000000 0.000000000
237 0.000000000 1.000000000 0.000000000
238 0.338711202 0.661288798 0.000000000
239 0.149211302 0.850788713 0.000000000
240 0.961693048 0.038306929 0.000000000
241 0.826978028 0.173021942 0.000000000
242 0.876924217 0.123075776 0.000000000
243 0.820860445 0.179139540 0.000000000
244 0.000000000 1.000000000 0.000000000
245 0.439421833 0.560578167 0.000000000
246 0.512371421 0.487628579 0.000000000
247 0.512076497 0.487923503 0.000000000
248 0.756653547 0.243346423 0.000000000
249 0.655601144 0.344398826 0.000000000
250 0.520600200 0.479399830 0.000000000
251 0.000000000 1.000000000 0.000000000
252 0.000000000 0.223770678 0.776229322
253 0.000000000 0.335496545 0.664503455
254 0.000000000 0.588936925 0.411063105
255 0.000000000 0.559157252 0.440842777
256 0.000000000 0.825135171 0.174864814
257 0.000000000 0.756208420 0.243791580
258 0.000000000 0.466641694 0.533358335
259 0.000000000 0.422847420 0.577152610
260 0.000000000 0.609472871 0.390527129
261 0.000000000 0.570433259 0.429566741
262 0.000000000 0.837058961 0.162941009
263 0.000000000 0.806370378 0.193629608
264 0.000000000 0.332039475 0.667960525
265 0.000000000 0.218011513 0.781988502
266 0.000000000 0.107644863 0.892355144
267 0.000000000 0.722674012 0.277325988
268 0.000000000 0.787175298 0.212824672
269 0.000000000 0.496178746 0.503821254
270 0.000000000 0.632739246 0.367260724
271 0.000000000 0.319620073 0.680379927
272 0.000000000 0.801843405 0.198156625
273 0.000000000 0.174105331 0.825894654
274 0.000000000 0.961492836 0.038507167
275 0.000000000 0.899431884 0.100568116
276 0.000000000 0.735126197 0.264873832
277 0.000000000 0.466370195 0.533629835
278 0.000000000 0.813450217 0.186549798
279 0.000000000 0.686642766 0.313357204
280 0.000000000 0.059150029 0.940849960
281 0.000000000 0.690497518 0.309502453
282 0.000000000 0.106961124 0.893038869
283 0.000000000 0.101844452 0.898155570
284 0.000000000 0.186889336 0.813110650
285 0.000000000 0.355887294 0.644112706
286 0.000000000 0.773006618 0.226993367
287 0.000000000 0.076728173 0.923271835
288 0.000000000 0.000000000 1.000000000
289 0.000000000 0.027865374 0.972134650
290 0.000000000 0.027865374 0.972134650
291 0.000000000 0.000000000 1.000000000
292 0.000000000 0.000000000 1.000000000
293 0.000000000 0.008525106 0.991474867
294 0.000000000 0.003083846 0.996916175
295 0.000000000 0.000000000 1.000000000
296 0.000000000 0.049003899 0.950996101
297 0.000000000 0.454254746 0.545745254
298 0.000000000 0.748589635 0.251410365
299 0.000000000 0.859930813 0.140069187
300 0.000000000 0.743238866 0.256761134
301 0.000000000 0.741777539 0.258222491
302 0.000000000 0.000000000 1.000000000
303 0.000000000 0.891230226 0.108769760
304 0.000000000 0.997946382 0.002053635
305 0.000000000 0.992528319 0.007471671
306 0.000000000 0.996776521 0.003223496
307 0.000000000 0.974610984 0.025388991
308 0.000000000 0.855968475 0.144031540
309 0.000000000 0.000000000 1.000000000
310 0.000000000 0.997168541 0.002831453
311 0.000000000 0.997285783 0.002714245
312 0.000000000 0.995947301 0.004052717
313 0.000000000 0.979801834 0.020198157
314 0.000000000 0.942426980 0.057573017
315 0.000000000 0.999775231 0.000224767
316 0.000000000 0.000000000 1.000000000
317 0.000000000 0.758427858 0.241572142
318 0.000000000 0.020777801 0.979222178
319 0.000000000 0.027992442 0.972007573
320 0.000000000 0.001940756 0.998059273
321 0.000000000 0.000116555 0.999883473
322 0.000000000 0.392957866 0.607042134
323 0.000000000 0.000000000 1.000000000
324 0.000000000 0.000000000 1.000000000
325 1.000000000 0.000000000 0.000000000
326 0.994329631 0.000000000 0.005670343
327 0.689118385 0.000000000 0.310881585
328 0.972134650 0.000000000 0.027865374
329 1.000000000 0.000000000 0.000000000
330 1.000000000 0.000000000 0.000000000
331 0.000000000 0.000723121 0.999276876
332 0.447007269 0.002651823 0.550340891
333 0.629311144 0.000219412 0.370469451
334 0.406736225 0.000000000 0.593263745
335 1.000000000 0.000000000 0.000000000
336 0.999960482 0.000039534 0.000000000
337 0.987770498 0.011478949 0.000750542
338 0.000000000 0.000229394 0.999770582
339 0.671565711 0.077425115 0.251009196
340 0.683112979 0.010217691 0.306669354
341 0.974031389 0.025968585 0.000000000
342 0.926252723 0.065343596 0.008403703
343 0.933307767 0.053131506 0.013560751
344 0.708480179 0.040879965 0.250639856
345 0.000000000 0.000600095 0.999399900
346 0.496249557 0.171353683 0.332396775
347 0.728546321 0.263864934 0.007588770
348 0.328202397 0.670794427 0.001003171
349 0.513573408 0.485871732 0.000554839
350 0.461663723 0.457077265 0.081258990
351 0.412554860 0.569840848 0.017604275
352 0.000000000 0.001091561 0.998908460
353 0.010791400 0.983225524 0.005983069
354 0.000000000 0.911746085 0.088253893
355 0.000000000 0.872617066 0.127382934
356 0.000000000 0.627112985 0.372887045
357 0.000000000 0.787983596 0.212016419
358 0.000000000 0.957318366 0.042681616
359 0.000000000 0.019870162 0.980129838
360 0.000000000 0.000000000 1.000000000
361 0.991170764 0.008245366 0.000583870
362 0.995634675 0.000427738 0.003937565
363 0.995852709 0.004147273 0.000000000
364 0.997189581 0.000000000 0.002810421
365 0.996933401 0.000000000 0.003066585
366 0.996455789 0.000000000 0.003544189
367 0.000000000 0.000000000 1.000000000
368 0.980876684 0.016409710 0.002713601
369 0.935908616 0.013750874 0.050340507
370 1.000000000 0.000000000 0.000000000
371 0.994899988 0.003049033 0.002051000
372 0.995139539 0.002506789 0.002353657
373 0.988685727 0.001912825 0.009401431
374 0.000000000 0.000000000 1.000000000
375 0.930046260 0.046212550 0.023741186
376 0.993656099 0.006343902 0.000000000
377 0.773772001 0.137160659 0.089067362
378 0.972107351 0.027639307 0.000253326
379 0.627493024 0.372506976 0.000000000
380 0.836024821 0.163975194 0.000000000
381 0.000000000 0.000000000 1.000000000
382 0.736235142 0.263764858 0.000000000
383 0.487558305 0.474073827 0.038367860
384 0.297738820 0.700640500 0.001620658
385 0.452490062 0.546575904 0.000934029
386 0.603900194 0.391597271 0.004502506
387 0.534296632 0.465270251 0.000433127
388 0.000000000 0.000098640 0.999901354
389 0.146687016 0.766694784 0.086618222
390 0.000000000 0.979820013 0.020179972
391 0.000000000 0.706947923 0.293052047
392 0.000000000 0.972149432 0.027850596
393 0.000000000 0.987335324 0.012664690
394 0.068663538 0.914493859 0.016842624
395 0.000000000 0.000000000 1.000000000
396 0.000000000 1.000000000 0.000000000
397 0.999294043 0.000705966 0.000000000
398 0.999243379 0.000756602 0.000000000
399 1.000000000 0.000000000 0.000000000
400 0.999393880 0.000606119 0.000000000
401 1.000000000 0.000000000 0.000000000
402 0.998449564 0.001550427 0.000000000
403 0.000000000 1.000000000 0.000000000
404 0.997882545 0.002117479 0.000000000
405 1.000000000 0.000000000 0.000000000
406 0.994924963 0.005075045 0.000000000
407 0.995729327 0.004270695 0.000000000
408 0.997605622 0.002394349 0.000000000
409 0.997954786 0.002045210 0.000000000
410 0.000000000 1.000000000 0.000000000
411 0.994233012 0.005766971 0.000000000
412 0.992485225 0.007514781 0.000000000
413 0.996825576 0.003174401 0.000000000
414 0.993302882 0.006697102 0.000000000
415 0.996384978 0.003615014 0.000000000
416 0.987587690 0.012412316 0.000000000
417 0.000000000 1.000000000 0.000000000
418 0.936126649 0.063873373 0.000000000
419 0.975543141 0.024456883 0.000000000
420 0.947690666 0.052309353 0.000000000
421 0.905528903 0.094471082 0.000000000
422 0.836694539 0.163305476 0.000000000
423 0.813836813 0.186163202 0.000000000
424 0.000000000 1.000000000 0.000000000
425 0.532411873 0.467588127 0.000000000
426 0.047977030 0.952022970 0.000000000
427 0.031556353 0.968443632 0.000000000
428 0.265253782 0.734746218 0.000000000
429 0.134403527 0.865596473 0.000000000
430 0.735262334 0.264737695 0.000000000
431 0.000000000 1.000000000 0.000000000
432 0.000000000 1.000000000 0.000000000
433 1.000000000 0.000000000 0.000000000
434 1.000000000 0.000000000 0.000000000
435 1.000000000 0.000000000 0.000000000
436 1.000000000 0.000000000 0.000000000
437 1.000000000 0.000000000 0.000000000
438 1.000000000 0.000000000 0.000000000
439 0.000000000 1.000000000 0.000000000
440 1.000000000 0.000000000 0.000000000
441 1.000000000 0.000000000 0.000000000
442 0.999923050 0.000076945 0.000000000
443 0.987228870 0.012771134 0.000000000
444 0.999301434 0.000698588 0.000000000
445 0.999751210 0.000248789 0.000000000
446 0.000000000 1.000000000 0.000000000
447 0.999372661 0.000627320 0.000000000
448 0.501129746 0.498870283 0.000000000
449 0.787000120 0.212999895 0.000000000
450 0.857059598 0.142940402 0.000000000
451 0.999936342 0.000063665 0.000000000
452 0.993444920 0.006555104 0.000000000
453 0.000000000 1.000000000 0.000000000
454 0.000000000 1.000000000 0.000000000
455 0.000000000 1.000000000 0.000000000
456 0.000000000 1.000000000 0.000000000
457 0.679390073 0.320609897 0.000000000
458 0.887789190 0.112210788 0.000000000
459 0.000000000 1.000000000 0.000000000
460 0.000000000 1.000000000 0.000000000
461 0.614088655 0.385911345 0.000000000
462 0.176165208 0.823834777 0.000000000
463 0.202607125 0.797392845 0.000000000
464 0.399389982 0.600610018 0.000000000
465 0.386508375 0.613491595 0.000000000
466 0.523700178 0.476299793 0.000000000
467 0.000000000 1.000000000 0.000000000
468 0.000000000 0.500000000 0.500000000
469 0.000000000 0.500000000 0.500000000
470 0.000000000 0.500000000 0.500000000
471 0.000000000 0.500000000 0.500000000
472 0.000000000 0.500000000 0.500000000
473 0.000000000 0.500000000 0.500000000
474 0.000000000 1.000000000 0.000000000
475 0.000000000 1.000000000 0.000000000
476 0.000000000 0.989661217 0.010338809
477 0.000000000 0.987521768 0.012478260
478 0.000000000 0.988477945 0.011522064
479 0.000000000 0.988477945 0.011522064
480 0.000000000 1.000000000 0.000000000
481 0.000000000 0.995500147 0.004499824
482 0.000000000 0.993273020 0.006726976
483 0.000000000 0.938103855 0.061896127
484 0.000000000 0.977791488 0.022208493
485 0.000000000 0.991850734 0.008149258
486 0.000000000 1.000000000 0.000000000
487 0.000000000 0.997700334 0.002299648
488 0.000000000 0.986549437 0.013450541
489 0.000000000 0.945199251 0.054800753
490 0.000000000 0.958839476 0.041160513
491 0.000000000 0.999090374 0.000909637
492 0.000000000 1.000000000 0.000000000
493 0.000000000 0.999864638 0.000135338
494 0.000000000 0.999899387 0.000100590
495 0.000000000 0.982465088 0.017534895
496 0.000000000 0.584524930 0.415475041
497 0.000000000 0.997019947 0.002980082
498 0.000000000 1.000000000 0.000000000
499 0.000000000 1.000000000 0.000000000
500 0.000000000 0.952669740 0.047330271
501 0.000000000 0.956880033 0.043119948
502 0.000000000 1.000000000 0.000000000
503 0.000000000 0.330056906 0.669943094
504 0.000000000 0.000600004 0.999400020
505 0.000000000 0.186718777 0.813281238
506 0.000000000 0.646268427 0.353731573
507 0.000000000 0.678814232 0.321185738
508 0.000000000 0.732335925 0.267664045
509 0.000000000 0.710228324 0.289771706
510 0.000000000 0.045920607 0.954079390
511 0.000000000 0.000386631 0.999613345
512 0.000000000 0.611222446 0.388777554
513 0.000000000 0.884882212 0.115117803
514 0.000000000 0.780480623 0.219519377
515 0.000000000 0.882141113 0.117858864
516 0.000000000 0.156148225 0.843851805
517 0.000000000 0.461590797 0.538409173
518 0.000000000 0.000702332 0.999297678
519 0.000000000 0.981124759 0.018875211
520 0.000000000 0.956766129 0.043233864
521 0.000000000 0.997017562 0.002982448
522 0.000000000 0.390849590 0.609150410
523 0.000000000 0.816101730 0.183898270
524 0.000000000 0.865865827 0.134134173
525 0.000000000 0.000000000 1.000000000
526 0.000000000 0.946541190 0.053458825
527 0.000000000 0.972669661 0.027330320
528 0.000000000 0.491627842 0.508372128
529 0.000000000 0.649086595 0.350913376
530 0.000000000 0.882123053 0.117876969
531 0.000000000 0.976251721 0.023748273
532 0.000000000 0.000000000 1.000000000
533 0.000000000 0.167324230 0.832675755
534 0.000000000 0.002233062 0.997766912
535 0.000000000 0.000614016 0.999386013
536 0.000000000 0.021509770 0.978490233
537 0.000000000 0.113074139 0.886925876
538 0.000000000 0.641032457 0.358967513
539 0.000000000 0.000000000 1.000000000
540 0.000000000 0.000550659 0.999449313
541 0.966991544 0.000203009 0.032805469
542 0.984232068 0.000125796 0.015642157
543 0.950282574 0.000126270 0.049591176
544 0.994574070 0.000239056 0.005186900
545 0.852357924 0.000148612 0.147493437
546 0.913025260 0.013299044 0.073675685
547 0.000000000 0.000517930 0.999482095
548 0.903213620 0.000238224 0.096548140
549 0.952570617 0.000447106 0.046982270
550 0.976816952 0.000282262 0.022900783
551 0.905060351 0.002673078 0.092266597
552 0.901489973 0.005770969 0.092739038
553 0.942660213 0.000800588 0.056539178
554 0.000000000 0.001300438 0.998699546
555 0.951764047 0.011366162 0.036869798
556 0.904950261 0.041810937 0.053238824
557 0.752029657 0.147058532 0.100911781
558 0.922315300 0.061517574 0.016167110
559 0.688149035 0.061356191 0.250494808
560 0.919362962 0.080092989 0.000544078
561 0.000000000 0.000000000 1.000000000
562 0.915288687 0.052147843 0.032563444
563 0.904631436 0.037835058 0.057533510
564 0.401015848 0.577882707 0.021101460
565 0.274970233 0.688217461 0.036812313
566 0.362872988 0.632960498 0.004166536
567 0.475850761 0.514850855 0.009298376
568 0.000000000 0.031017207 0.968982816
569 0.112037517 0.742357910 0.145604610
570 0.000000000 0.668192148 0.331807852
571 0.000000000 0.748158097 0.251841903
572 0.000000000 0.807265997 0.192733988
573 0.003225886 0.939433038 0.057341050
574 0.125928819 0.857656121 0.016415054
575 0.000000000 0.000575804 0.999424219
576 0.333333343 0.333333343 0.333333343
577 0.333333343 0.333333343 0.333333343
578 0.333333343 0.333333343 0.333333343
579 0.333333343 0.333333343 0.333333343
580 0.333333343 0.333333343 0.333333343
581 0.333333343 0.333333343 0.333333343
582 1.000000000 0.000000000 0.000000000
583 0.000000000 0.000000000 1.000000000
584 0.998211980 0.000000000 0.001788046
585 0.902279615 0.028363848 0.069356561
586 1.000000000 0.000000000 0.000000000
587 0.999032676 0.000000000 0.000967342
588 0.977378190 0.008434617 0.014187206
589 0.792482913 0.103398807 0.104118295
590 0.000000000 0.000000000 1.000000000
591 0.521175504 0.380357593 0.098466925
592 0.624429584 0.270430028 0.105140373
593 0.681772053 0.311186165 0.007041774
594 0.656152070 0.310733795 0.033114117
595 0.728052735 0.258744121 0.013203152
596 0.600779772 0.306204706 0.093015529
597 0.000000000 0.000000000 1.000000000
598 0.534885466 0.412935764 0.052178741
599 0.540288150 0.458052218 0.001659642
600 0.386498302 0.613054872 0.000446855
601 0.238768831 0.761231184 0.000000000
602 0.201020181 0.798924267 0.000055581
603 0.349101871 0.639351428 0.011546685
604 0.000000000 0.000000000 1.000000000
605 0.007260939 0.991332352 0.001406730
606 0.000000000 0.920810521 0.079189487
607 0.000000000 0.878235519 0.121764466
608 0.000000000 0.484652668 0.515347362
609 0.000000000 0.454015940 0.545984030
610 0.000000000 0.609889925 0.390110105
611 0.000000000 0.000000000 1.000000000
612 0.500000000 0.500000000 0.000000000
613 0.500000000 0.500000000 0.000000000
614 0.500000000 0.500000000 0.000000000
615 0.500000000 0.500000000 0.000000000
616 0.500000000 0.500000000 0.000000000
617 0.500000000 0.500000000 0.000000000
618 0.500000000 0.500000000 0.000000000
619 0.500000000 0.500000000 0.000000000
620 1.000000000 0.000000000 0.000000000
621 1.000000000 0.000000000 0.000000000
622 1.000000000 0.000000000 0.000000000
623 1.000000000 0.000000000 0.000000000
624 0.500000000 0.500000000 0.000000000
625 1.000000000 0.000000000 0.000000000
626 0.000000000 1.000000000 0.000000000
627 0.094588697 0.905411303 0.000000000
628 0.915175796 0.084824190 0.000000000
629 0.753295839 0.246704131 0.000000000
630 0.500000000 0.500000000 0.000000000
631 1.000000000 0.000000000 0.000000000
632 1.000000000 0.000000000 0.000000000
633 0.000000000 1.000000000 0.000000000
634 0.998241246 0.001758731 0.000000000
635 0.888294816 0.111705169 0.000000000
636 0.500000000 0.500000000 0.000000000
637 0.000000000 1.000000000 0.000000000
638 0.000000000 1.000000000 0.000000000
639 0.180690885 0.819309115 0.000000000
640 0.000000000 1.000000000 0.000000000
641 0.930025935 0.069974072 0.000000000
642 0.500000000 0.500000000 0.000000000
643 0.500000000 0.500000000 0.000000000
644 0.000000000 1.000000000 0.000000000
645 0.000000000 1.000000000 0.000000000
646 0.500000000 0.500000000 0.000000000
647 0.000000000 1.000000000 0.000000000
648 0.000000000 1.000000000 0.000000000
649 1.000000000 0.000000000 0.000000000
650 1.000000000 0.000000000 0.000000000
651 1.000000000 0.000000000 0.000000000
652 1.000000000 0.000000000 0.000000000
653 1.000000000 0.000000000 0.000000000
654 1.000000000 0.000000000 0.000000000
655 0.000000000 1.000000000 0.000000000
656 0.999697626 0.000302363 0.000000000
657 0.999657691 0.000342329 0.000000000
658 0.999514937 0.000485036 0.000000000
659 1.000000000 0.000000000 0.000000000
660 0.994691849 0.005308157 0.000000000
661 1.000000000 0.000000000 0.000000000
662 0.000000000 1.000000000 0.000000000
663 0.991261423 0.008738575 0.000000000
664 0.930918038 0.069081932 0.000000000
665 0.653469443 0.346530586 0.000000000
666 0.521659613 0.478340417 0.000000000
667 1.000000000 0.000000000 0.000000000
668 1.000000000 0.000000000 0.000000000
669 0.000000000 1.000000000 0.000000000
670 0.038134120 0.961865902 0.000000000
671 0.091273911 0.908726096 0.000000000
672 0.569590151 0.430409878 0.000000000
673 0.858080447 0.141919583 0.000000000
674 0.872868776 0.127131209 0.000000000
675 1.000000000 0.000000000 0.000000000
676 0.000000000 1.000000000 0.000000000
677 0.269670129 0.730329871 0.000000000
678 0.007731479 0.992268503 0.000000000
679 0.031282075 0.968717933 0.000000000
680 0.255448610 0.744551361 0.000000000
681 0.228767037 0.771232963 0.000000000
682 0.445836514 0.554163456 0.000000000
683 0.000000000 1.000000000 0.000000000
684 0.000000000 0.955494881 0.044505119
685 0.000000000 0.079528235 0.920471787
686 0.000000000 0.012101954 0.987898052
687 0.000000000 0.014684151 0.985315859
688 0.000000000 0.570125401 0.429874599
689 0.000000000 0.372197777 0.627802193
690 0.000000000 0.531790018 0.468209982
691 0.000000000 0.624405444 0.375594556
692 0.000000000 0.140391797 0.859608233
693 0.000000000 0.484347343 0.515652657
694 0.000000000 0.186431259 0.813568771
695 0.000000000 0.198801190 0.801198840
696 0.000000000 0.272454977 0.727545023
697 0.000000000 0.259494454 0.740505576
698 0.000000000 0.788945258 0.211054713
699 0.000000000 0.454647809 0.545352221
700 0.000000000 0.616084099 0.383915901
701 0.000000000 0.706394553 0.293605447
702 0.000000000 0.990269482 0.009730537
703 0.000000000 0.514196634 0.485803336
704 0.000000000 0.763536930 0.236463055
705 0.000000000 0.234035313 0.765964687
706 0.000000000 0.994910717 0.005089257
707 0.000000000 0.276271880 0.723728120
708 0.000000000 0.780232847 0.219767138
709 0.000000000 0.770331264 0.229668736
710 0.000000000 0.785839021 0.214160964
711 0.000000000 0.741559267 0.258440733
712 0.000000000 0.208345547 0.791654468
713 0.000000000 0.795490563 0.204509422
714 0.000000000 0.617961347 0.382038683
715 0.000000000 0.620173156 0.379826814
716 0.000000000 0.581177175 0.418822825
717 0.000000000 0.577640593 0.422359407
718 0.000000000 0.875889122 0.124110848
719 0.000000000 0.115641147 0.884358823
720 0.000000000 0.064583428 0.935416579
721 0.000000000 0.101348959 0.898651063
722 0.000000000 0.246901020 0.753098965
723 0.000000000 0.092270620 0.907729387
724 0.000000000 0.598552406 0.401447564
725 0.000000000 0.456021309 0.543978691
726 0.000000000 0.003839147 0.996160865
727 0.000000000 0.004453507 0.995546520
728 0.000000000 0.026031325 0.973968685
729 0.000000000 0.109042309 0.890957713
730 0.000000000 0.939514577 0.060485393
731 0.000000000 0.195178598 0.804821372
732 0.000000000 0.101158999 0.898841023
733 0.000000000 0.082452878 0.917547107
734 0.000000000 0.005564082 0.994435906
735 0.000000000 0.802493513 0.197506472
736 0.000000000 0.994704306 0.005295676
737 0.000000000 0.996075988 0.003924026
738 0.000000000 0.600389719 0.399610311
739 0.000000000 0.555047810 0.444952190
740 0.000000000 0.801659703 0.198340312
741 0.000000000 0.002760216 0.997239769
742 0.000000000 0.998823762 0.001176218
743 0.000000000 0.987720311 0.012279668
744 0.000000000 0.998386979 0.001612993
745 0.000000000 0.994042337 0.005957688
746 0.000000000 0.989591420 0.010408566
747 0.000000000 0.999346375 0.000653648
748 0.000000000 0.001490852 0.998509169
749 0.000000000 0.936382413 0.063617602
750 0.000000000 0.051567655 0.948432326
751 0.000000000 0.025941059 0.974058926
752 0.000000000 0.048371479 0.951628506
753 0.000000000 0.257511944 0.742488027
754 0.000000000 0.990642071 0.009357928
755 0.000000000 0.000691693 0.999308288
756 0.000000000 0.038861111 0.961138904
757 1.000000000 0.000000000 0.000000000
758 1.000000000 0.000000000 0.000000000
759 0.896904230 0.000000000 0.103095762
760 1.000000000 0.000000000 0.000000000
761 0.946135283 0.000000000 0.053864691
762 1.000000000 0.000000000 0.000000000
763 0.000000000 0.002655232 0.997344792
764 1.000000000 0.000000000 0.000000000
765 0.996665716 0.003334265 0.000000000
766 0.975618958 0.000000000 0.024381027
767 0.435547411 0.013042701 0.551409900
768 0.977716982 0.020866208 0.001416826
769 0.955254316 0.003338070 0.041407619
770 0.000000000 0.005696494 0.994303524
771 0.934720516 0.062658414 0.002621065
772 0.997459233 0.002540789 0.000000000
773 0.522646308 0.095239215 0.382114470
774 0.806695044 0.146693751 0.046611179
775 0.835135639 0.008495854 0.156368479
776 0.891830981 0.031179385 0.076989613
777 0.000000000 0.002806487 0.997193515
778 0.962912917 0.035147678 0.001939407
779 0.837959170 0.037814964 0.124225877
780 0.648195565 0.350659192 0.001145248
781 0.589402318 0.407906860 0.002690834
782 0.646299720 0.351529926 0.002170355
783 0.569946408 0.427889943 0.002163650
784 0.000000000 0.002908475 0.997091532
785 0.361483425 0.552133083 0.086383462
786 0.000079772 0.736105502 0.263814688
787 0.000000000 0.472180188 0.527819812
788 0.000009861 0.577389240 0.422600865
789 0.000000000 0.740898669 0.259101361
790 0.027344069 0.969556272 0.003099684
791 0.000001234 0.003098722 0.996900022
792 0.000000000 0.000000000 1.000000000
793 1.000000000 0.000000000 0.000000000
794 1.000000000 0.000000000 0.000000000
795 1.000000000 0.000000000 0.000000000
796 1.000000000 0.000000000 0.000000000
797 1.000000000 0.000000000 0.000000000
798 1.000000000 0.000000000 0.000000000
799 0.000000000 0.000000000 1.000000000
800 1.000000000 0.000000000 0.000000000
801 1.000000000 0.000000000 0.000000000
802 1.000000000 0.000000000 0.000000000
803 1.000000000 0.000000000 0.000000000
804 0.970306873 0.017964264 0.011728845
805 0.955028594 0.023859261 0.021112164
806 0.000000000 0.000000000 1.000000000
807 1.000000000 0.000000000 0.000000000
808 1.000000000 0.000000000 0.000000000
809 1.000000000 0.000000000 0.000000000
810 0.986611426 0.007931116 0.005457437
811 0.980130315 0.013007831 0.006861864
812 1.000000000 0.000000000 0.000000000
813 0.000000000 0.005743417 0.994256556
814 0.994277298 0.005722716 0.000000000
815 0.762660682 0.237339333 0.000000000
816 0.520853281 0.477985978 0.001160735
817 0.824658394 0.173693046 0.001648588
818 0.611054301 0.388840079 0.000105634
819 0.708728731 0.289870948 0.001400297
820 0.000004383 0.000441871 0.999553740
821 0.220806509 0.777903974 0.001289512
822 0.000000000 0.864432395 0.135567576
823 0.000000000 0.909468234 0.090531796
824 0.000000000 0.858913183 0.141086817
825 0.000000000 0.923088968 0.076911040
826 0.009996739 0.983513296 0.006489968
827 0.000000000 0.000700530 0.999299467
828 0.000000000 1.000000000 0.000000000
829 1.000000000 0.000000000 0.000000000
830 1.000000000 0.000000000 0.000000000
831 1.000000000 0.000000000 0.000000000
832 1.000000000 0.000000000 0.000000000
833 1.000000000 0.000000000 0.000000000
834 1.000000000 0.000000000 0.000000000
835 0.000000000 1.000000000 0.000000000
836 1.000000000 0.000000000 0.000000000
837 1.000000000 0.000000000 0.000000000
838 1.000000000 0.000000000 0.000000000
839 1.000000000 0.000000000 0.000000000
840 1.000000000 0.000000000 0.000000000
841 1.000000000 0.000000000 0.000000000
842 0.000000000 1.000000000 0.000000000
843 1.000000000 0.000000000 0.000000000
844 1.000000000 0.000000000 0.000000000
845 0.402944148 0.597055852 0.000000000
846 0.904630363 0.095369637 0.000000000
847 0.989524066 0.010475961 0.000000000
848 0.978477597 0.021522418 0.000000000
849 0.000000000 1.000000000 0.000000000
850 0.000000000 1.000000000 0.000000000
851 0.992968023 0.007032001 0.000000000
852 0.999514222 0.000485761 0.000000000
853 0.999862552 0.000137446 0.000000000
854 0.946544170 0.053455807 0.000000000
855 0.979110777 0.020889234 0.000000000
856 0.000000000 1.000000000 0.000000000
857 0.709143639 0.290856361 0.000000000
858 0.000000000 1.000000000 0.000000000
859 0.000000000 1.000000000 0.000000000
860 0.000000000 1.000000000 0.000000000
861 0.000000000 1.000000000 0.000000000
862 0.547002316 0.452997714 0.000000000
863 0.000000000 1.000000000 0.000000000
864 0.000000000 1.000000000 0.000000000
865 1.000000000 0.000000000 0.000000000
866 1.000000000 0.000000000 0.000000000
867 1.000000000 0.000000000 0.000000000
868 1.000000000 0.000000000 0.000000000
869 1.000000000 0.000000000 0.000000000
870 1.000000000 0.000000000 0.000000000
871 0.000050025 0.999949992 0.000000000
872 1.000000000 0.000000000 0.000000000
873 1.000000000 0.000000000 0.000000000
874 1.000000000 0.000000000 0.000000000
875 1.000000000 0.000000000 0.000000000
876 1.000000000 0.000000000 0.000000000
877 1.000000000 0.000000000 0.000000000
878 0.000000000 1.000000000 0.000000000
879 1.000000000 0.000000000 0.000000000
880 1.000000000 0.000000000 0.000000000
881 0.971313953 0.028686071 0.000000000
882 0.987095118 0.012904882 0.000000000
883 0.999472380 0.000527606 0.000000000
884 1.000000000 0.000000000 0.000000000
885 0.000004915 0.999995112 0.000000000
886 0.000000000 1.000000000 0.000000000
887 0.832806349 0.167193621 0.000000000
888 0.000000000 1.000000000 0.000000000
889 0.305064738 0.694935262 0.000000000
890 0.790533364 0.209466636 0.000000000
891 0.625193417 0.374806613 0.000000000
892 0.000000332 0.999999642 0.000000000
893 0.838561714 0.161438301 0.000000000
894 0.000000000 1.000000000 0.000000000
895 0.000000000 1.000000000 0.000000000
896 0.000000000 1.000000000 0.000000000
897 0.000000000 1.000000000 0.000000000
898 0.000000000 1.000000000 0.000000000
899 0.000000000 1.000000000 0.000000000
900 0.000000000 0.809143424 0.190856606
901 0.000000000 0.853275836 0.146724150
902 0.000000000 0.853275836 0.146724150
903 0.000000000 0.847379446 0.152620524
904 0.000000000 0.842203498 0.157796502
905 0.000000000 0.853275836 0.146724150
906 0.000000000 0.943766117 0.056233905
907 0.000000000 0.935374379 0.064625606
908 0.000000000 0.671562433 0.328437567
909 0.000000000 0.672604680 0.327395290
910 0.000000000 0.666610837 0.333389133
911 0.000000000 0.944298446 0.055701550
912 0.000000000 0.352072954 0.647927046
913 0.000000000 0.354274601 0.645725429
914 0.000000000 0.785479844 0.214520156
915 0.000000000 0.349158347 0.650841653
916 0.000000000 0.353961617 0.646038413
917 0.000000000 0.889801204 0.110198796
918 0.000000000 0.899854600 0.100145392
919 0.000000000 0.495615870 0.504384160
920 0.000000000 0.513074040 0.486925960
921 0.000000000 0.490878999 0.509121001
922 0.000000000 0.967367649 0.032632336
923 0.000000000 0.939550042 0.060449976
924 0.000000000 0.998521388 0.001478589
925 0.000000000 0.913912833 0.086087175
926 0.000000000 0.931470335 0.068529665
927 0.000000000 0.855008543 0.144991457
928 0.000000000 0.347560823 0.652439177
929 0.000000000 0.943070471 0.056929525
930 0.000000000 0.888206780 0.111793190
931 0.000000000 0.741772830 0.258227170
932 0.000000000 0.799425602 0.200574428
933 0.000000000 0.556059957 0.443940073
934 0.000000000 0.856469274 0.143530697
935 0.000000000 0.205736756 0.794263244
936 0.000000000 0.000000000 1.000000000
937 0.000000000 0.038166087 0.961833894
938 0.000000000 0.048830550 0.951169431
939 0.000000000 0.017016239 0.982983768
940 0.000000000 0.752142906 0.247857079
941 0.000000000 0.484919578 0.515080392
942 0.000000000 0.004568915 0.995431066
943 0.000000000 0.000000000 1.000000000
944 0.000000000 0.059573445 0.940426528
945 0.000000000 0.449147910 0.550852120
946 0.000000000 0.891696811 0.108303167
947 0.000000000 0.912828982 0.087171026
948 0.000000000 0.225073427 0.774926543
949 0.000000000 0.236481145 0.763518870
950 0.000000000 0.000000000 1.000000000
951 0.000000000 0.659231424 0.340768576
952 0.000000000 0.912435472 0.087564506
953 0.000000000 0.908417761 0.091582254
954 0.000000000 0.339647025 0.660353005
955 0.000000000 0.339647025 0.660353005
956 0.000000000 0.339647025 0.660353005
957 0.000000000 0.000000000 1.000000000
958 0.000000000 0.957659662 0.042340357
959 0.000000000 0.943582058 0.056417920
960 0.000000000 0.924104393 0.075895607
961 0.000000000 0.671686769 0.328313202
962 0.000000000 0.868528366 0.131471619
963 0.000000000 0.964753032 0.035246938
964 0.000000000 0.000000000 1.000000000
965 0.000000000 0.943751097 0.056248929
966 0.000000000 0.007680168 0.992319822
967 0.000000000 0.017852638 0.982147336
968 0.000000000 0.035411164 0.964588821
969 0.000000000 0.188468471 0.811531544
970 0.000000000 0.874439478 0.125560492
971 0.000000000 0.000000000 1.000000000
972 0.000000000 0.000610664 0.999389350
973 0.950495005 0.000000000 0.049505025
974 0.993934095 0.000168056 0.005897854
975 0.991383255 0.000000000 0.008616726
976 0.992165804 0.000078535 0.007755636
977 0.873745203 0.000000000 0.126254812
978 0.988046348 0.000000000 0.011953662
979 0.000000000 0.002905793 0.997094214
980 0.662041008 0.002866023 0.335092962
981 0.982539177 0.000429438 0.017031396
982 0.987757146 0.001829766 0.010413096
983 0.967921376 0.002401876 0.029676730
984 0.929153204 0.006729934 0.064116888
985 0.810271084 0.003450702 0.186278179
986 0.000000000 0.002869142 0.997130871
987 0.991455615 0.001908834 0.006635555
988 0.991455615 0.003060373 0.005484016
989 0.926459253 0.038826805 0.034713965
990 0.873032928 0.099775136 0.027191913
991 0.391990393 0.035379279 0.572630346
992 0.622410595 0.103177287 0.274412096
993 0.000000000 0.015027191 0.984972835
994 0.912964702 0.067196161 0.019839168
995 0.894949198 0.054037467 0.051013321
996 0.492583096 0.491158336 0.016258556
997 0.643625855 0.332289249 0.024084868
998 0.434715092 0.552325308 0.012959592
999 0.725283802 0.273514003 0.001202187
1000 0.000000000 0.034852125 0.965147853
1001 0.352346659 0.588423312 0.059230063
1002 0.000000000 0.658235073 0.341764957
1003 0.000000000 0.518681169 0.481318831
1004 0.000000000 0.566169918 0.433830082
1005 0.000000000 0.917295814 0.082704201
1006 0.193648756 0.778895557 0.027455712
1007 0.000000000 0.004375589 0.995624423
1008 0.000000000 0.000000000 1.000000000
1009 1.000000000 0.000000000 0.000000000
1010 1.000000000 0.000000000 0.000000000
1011 1.000000000 0.000000000 0.000000000
1012 1.000000000 0.000000000 0.000000000
1013 1.000000000 0.000000000 0.000000000
1014 1.000000000 0.000000000 0.000000000
1015 0.000000000 0.000000000 1.000000000
1016 1.000000000 0.000000000 0.000000000
1017 1.000000000 0.000000000 0.000000000
1018 1.000000000 0.000000000 0.000000000
1019 1.000000000 0.000000000 0.000000000
1020 0.992074788 0.000035241 0.007890001
1021 0.985909522 0.008125935 0.005964551
1022 0.000000000 0.000000000 1.000000000
1023 0.850730419 0.000000000 0.149269581
1024 0.988779306 0.004683099 0.006537573
1025 0.996969938 0.000641263 0.002388824
1026 0.990187943 0.003561544 0.006250526
1027 0.987211883 0.012069860 0.000718252
1028 0.956705749 0.013998208 0.029296048
1029 0.000000000 0.000490505 0.999509513
1030 0.836413741 0.160073310 0.003512972
1031 0.647113144 0.349234551 0.003652285
1032 0.616950274 0.382907867 0.000141858
1033 0.645742297 0.353968322 0.000289368
1034 0.593131125 0.405728996 0.001139846
1035 0.540977597 0.451901525 0.007120871
1036 0.000002487 0.000552866 0.999444664
1037 0.014777912 0.976439834 0.008782250
1038 0.000487400 0.797039509 0.202473059
1039 0.000000000 0.824950278 0.175049692
1040 0.000199071 0.868177831 0.131623104
1041 0.000686505 0.753218710 0.246094793
1042 0.000008303 0.931948960 0.068042718
1043 0.000000000 0.000606262 0.999393761
1044 0.000000000 1.000000000 0.000000000
1045 0.587111712 0.412888288 0.000000000
1046 0.587111712 0.412888288 0.000000000
1047 0.603063345 0.396936655 0.000000000
1048 1.000000000 0.000000000 0.000000000
1049 1.000000000 0.000000000 0.000000000
1050 1.000000000 0.000000000 0.000000000
1051 0.000000000 1.000000000 0.000000000
1052 1.000000000 0.000000000 0.000000000
1053 1.000000000 0.000000000 0.000000000
1054 1.000000000 0.000000000 0.000000000
1055 1.000000000 0.000000000 0.000000000
1056 0.989684939 0.010315060 0.000000000
1057 0.993059337 0.006940672 0.000000000
1058 0.000000000 1.000000000 0.000000000
1059 1.000000000 0.000000000 0.000000000
1060 0.992578208 0.007421762 0.000000000
1061 0.938721716 0.061278302 0.000000000
1062 0.989732385 0.010267632 0.000000000
1063 0.998928785 0.001071228 0.000000000
1064 0.999834895 0.000165082 0.000000000
1065 0.000000000 1.000000000 0.000000000
1066 0.977550209 0.022449777 0.000000000
1067 0.886418104 0.113581903 0.000000000
1068 0.000000000 1.000000000 0.000000000
1069 0.987840891 0.012159123 0.000000000
1070 0.935344934 0.064655051 0.000000000
1071 0.984498978 0.015501039 0.000000000
1072 0.000000000 1.000000000 0.000000000
1073 0.905404091 0.094595917 0.000000000
1074 0.001589865 0.998410106 0.000000000
1075 0.000000000 1.000000000 0.000000000
1076 0.000000000 1.000000000 0.000000000
1077 0.000841315 0.999158680 0.000000000
1078 0.746673882 0.253326148 0.000000000
1079 0.000000000 1.000000000 0.000000000
1080 0.000000000 1.000000000 0.000000000
1081 1.000000000 0.000000000 0.000000000
1082 1.000000000 0.000000000 0.000000000
1083 1.000000000 0.000000000 0.000000000
1084 1.000000000 0.000000000 0.000000000
1085 1.000000000 0.000000000 0.000000000
1086 1.000000000 0.000000000 0.000000000
1087 0.000000000 1.000000000 0.000000000
1088 1.000000000 0.000000000 0.000000000
1089 1.000000000 0.000000000 0.000000000
1090 1.000000000 0.000000000 0.000000000
1091 1.000000000 0.000000000 0.000000000
1092 0.998478234 0.001521774 0.000000000
1093 1.000000000 0.000000000 0.000000000
1094 0.000000000 1.000000000 0.000000000
1095 1.000000000 0.000000000 0.000000000
1096 0.956241250 0.043758761 0.000000000
1097 0.953720689 0.046279289 0.000000000
1098 1.000000000 0.000000000 0.000000000
1099 0.957951128 0.042048860 0.000000000
1100 1.000000000 0.000000000 0.000000000
1101 0.000000000 1.000000000 0.000000000
1102 0.198629200 0.801370800 0.000000000
1103 0.000000000 1.000000000 0.000000000
1104 0.753077865 0.246922120 0.000000000
1105 0.993924022 0.006075983 0.000000000
1106 0.977491200 0.022508811 0.000000000
1107 0.857965827 0.142034173 0.000000000
1108 0.000000000 1.000000000 0.000000000
1109 0.467822462 0.532177567 0.000000000
1110 0.000000000 1.000000000 0.000000000
1111 0.009714698 0.990285277 0.000000000
1112 0.025886361 0.974113643 0.000000000
1113 0.021755515 0.978244483 0.000000000
1114 0.310424715 0.689575255 0.000000000
1115 0.000000000 1.000000000 0.000000000
