0, 1
1, 1
2, 1
3, 1
0, 115
1, 115
2, 115
3, 115
0, 115
1, 115
2, 115
3, 115
0, 115
1, 115
2, 115
3, 115
0, 9063
1, 115
2, 115
3, 115
0, 9071
1, 115
2, 115
3, 115
0, 9073
1, 115
2, 115
3, 115
0, 9235
1, 115
2, 115
3, 115
0, 9235
1, 115
2, 115
3, 115
0, 9235
1, 115
2, 115
3, 115
0, 9235
1, 115
2, 115
3, 115
0, 9235
1, 115
2, 115
3, 115
0, 9237
1, 115
2, 115
3, 115
0, 9237
1, 115
2, 115
3, 115
0, 9237
1, 115
2, 115
3, 115
0, 9237
1, 115
2, 115
3, 115
0, 9237
1, 115
2, 115
3, 115
0, 9237
1, 115
2, 115
3, 115
0, 9237
1, 115
2, 115
3, 115
0, 9237
1, 115
2, 115
3, 115
0, 9237
1, 115
2, 115
3, 115
0, 9237
1, 115
2, 115
3, 115
0, 9237
1, 115
2, 115
3, 115
0, 9237
1, 115
2, 115
3, 115
0, 9237
1, 115
2, 115
3, 115
0, 9237
1, 115
2, 115
3, 115
0, 9237
1, 115
2, 115
3, 115
0, 9237
1, 115
2, 115
3, 115
0, 9237
1, 115
2, 115
3, 115
0, 9237
1, 115
2, 115
3, 115
0, 9237
1, 115
2, 115
3, 115
0, 9237
1, 115
2, 115
3, 115
0, 9237
1, 115
2, 115
3, 115
0, 9237
1, 115
2, 115
3, 115
0, 9237
1, 115
2, 115
3, 115
0, 9237
1, 115
2, 115
3, 115
0, 9237
1, 115
2, 115
3, 115
0, 9237
1, 115
2, 115
3, 115
0, 9237
1, 115
2, 115
3, 115
0, 9237
1, 115
2, 115
3, 115
0, 9237
1, 115
2, 115
3, 115
0, 9237
1, 115
2, 115
3, 115
0, 9339
1, 9149
2, 9153
3, 9149
0, 9343
1, 9181
2, 9181
3, 9181
0, 9343
1, 9181
2, 9181
3, 9181
0, 9343
1, 9181
2, 9181
3, 9181
0, 9343
1, 9181
2, 9181
3, 9181
0, 9343
1, 9181
2, 9181
3, 9181
0, 9343
1, 9181
2, 9181
3, 9181
0, 9343
1, 9181
2, 9181
3, 9181
0, 9343
1, 9181
2, 9181
3, 9181
0, 9343
1, 9181
2, 9181
3, 9181
0, 9343
1, 9181
2, 9181
3, 9181
0, 9343
1, 9181
2, 9181
3, 9181
0, 9343
1, 9181
2, 9181
3, 9181
0, 9343
1, 9181
2, 9181
3, 9181
0, 9343
1, 9181
2, 9181
3, 9181
0, 9343
1, 9181
2, 9181
3, 9181
0, 9343
1, 9181
2, 9181
3, 9181
0, 9343
1, 9181
2, 9181
3, 9181
0, 9343
1, 9181
2, 9181
3, 9181
0, 9343
1, 9181
2, 9181
3, 9181
0, 9343
1, 9181
2, 9181
3, 9181
0, 9343
1, 9181
2, 9181
3, 9181
0, 9343
1, 9181
2, 9181
3, 9181
0, 9343
1, 9181
2, 9181
3, 9181
0, 9343
1, 9181
2, 9181
3, 9181
0, 9343
1, 9181
2, 9181
3, 9181
0, 9343
1, 9181
2, 9181
3, 9181
0, 9343
1, 9181
2, 9181
3, 9181
0, 9343
1, 9181
2, 9181
3, 9181
0, 9343
1, 9181
2, 9181
3, 9181
0, 9343
1, 9181
2, 9181
3, 9181
0, 9343
1, 9181
2, 9181
3, 9181
0, 9343
1, 9181
2, 9181
3, 9181
0, 9343
1, 9181
2, 9181
3, 9181
0, 9343
1, 9181
2, 9181
3, 9181
0, 9343
1, 9181
2, 9181
3, 9181
0, 9343
1, 9181
2, 9181
3, 9181
0, 9343
1, 9181
2, 9181
3, 9181
0, 9343
1, 9181
2, 9181
3, 9181
0, 9343
1, 9181
2, 9181
3, 9181
0, 9343
1, 9181
2, 9181
3, 9181
0, 9343
1, 9181
2, 9181
3, 9181
0, 9343
1, 9181
2, 9181
3, 9181
0, 9343
1, 9181
2, 9181
3, 9181
0, 9343
1, 9181
2, 9181
3, 9181
0, 9343
1, 9181
2, 9181
3, 9181
0, 9343
1, 9181
2, 9181
3, 9181
0, 9343
1, 9181
2, 9181
3, 9181
0, 9343
1, 9181
2, 9181
3, 9181
0, 9343
1, 9181
2, 9181
3, 9181
0, 9343
1, 9181
2, 9181
3, 9181
0, 9343
1, 9181
2, 9181
3, 9181
0, 9343
1, 9181
2, 9181
3, 9181
0, 9343
1, 9181
2, 9181
3, 9181
0, 9343
1, 9181
2, 9181
3, 9181
0, 9343
1, 9181
2, 9181
3, 9181
0, 9343
1, 9181
2, 9181
3, 9181
0, 9343
1, 9181
2, 9181
3, 9181
0, 9343
1, 9181
2, 9181
3, 9181
0, 9343
1, 9181
2, 9181
3, 9181
0, 9343
1, 9181
2, 9181
3, 9181
0, 9343
1, 9181
2, 9181
3, 9181
0, 9343
1, 9181
2, 9181
3, 9181
0, 9343
1, 9181
2, 9181
3, 9181
0, 9343
1, 9181
2, 9181
3, 9181
0, 9343
1, 9181
2, 9181
3, 9181
0, 347
1, 183
2, 183
3, 183
0, 115
1, 115
2, 115
3, 115
0, 115
1, 115
2, 115
3, 115
0, 115
1, 115
2, 115
3, 115
0, 9063
1, 115
2, 115
3, 115
0, 9071
1, 115
2, 115
3, 115
0, 9073
1, 115
2, 115
3, 115
0, 9073
1, 115
2, 115
3, 115
0, 9073
1, 115
2, 115
3, 115
0, 9235
1, 115
2, 115
3, 115
0, 9235
1, 115
2, 115
3, 115
0, 9235
1, 115
2, 115
3, 115
0, 9237
1, 115
2, 115
3, 115
0, 9237
1, 115
2, 115
3, 115
0, 9333
1, 9143
2, 9143
3, 9143
0, 9343
1, 9181
2, 9181
3, 9181
0, 9343
1, 9181
2, 9181
3, 9181
0, 9343
1, 9181
2, 9181
3, 9181
0, 9343
1, 9181
2, 9181
3, 9181
0, 9343
1, 9181
2, 9181
3, 9181
0, 9343
1, 9181
2, 9181
3, 9181
0, 9343
1, 9181
2, 9181
3, 9181
0, 9343
1, 9181
2, 9181
3, 9181
0, 9343
1, 9181
2, 9181
3, 9181
0, 9343
1, 9181
2, 9181
3, 9181
0, 9343
1, 9181
2, 9181
3, 9181
0, 9343
1, 9181
2, 9181
3, 9181
0, 9343
1, 9181
2, 9181
3, 9181
0, 9343
1, 9181
2, 9181
3, 9181
0, 9343
1, 9181
2, 9181
3, 9181
0, 9343
1, 9181
2, 9181
3, 9181
0, 9343
1, 9181
2, 9181
3, 9181
0, 9343
1, 9181
2, 9181
3, 9181
0, 9343
1, 9181
2, 9181
3, 9181
0, 9343
1, 9181
2, 9181
3, 9181
0, 9343
1, 9181
2, 9181
3, 9181
0, 9343
1, 9181
2, 9181
3, 9181
0, 9343
1, 9181
2, 9181
3, 9181
0, 9343
1, 9181
2, 9181
3, 9181
0, 9343
1, 9181
2, 9181
3, 9181
0, 9343
1, 9181
2, 9181
3, 9181
0, 9343
1, 9181
2, 9181
3, 9181
0, 9343
1, 9181
2, 9181
3, 9181
0, 9343
1, 9181
2, 9181
3, 9181
0, 9343
1, 9181
2, 9181
3, 9181
0, 9343
1, 9181
2, 9181
3, 9181
0, 9343
1, 9181
2, 9181
3, 9181
0, 9343
1, 9181
2, 9181
3, 9181
0, 9343
1, 9181
2, 9181
3, 9181
0, 9343
1, 9181
2, 9181
3, 9181
0, 9343
1, 9181
2, 9181
3, 9181
0, 9343
1, 9181
2, 9181
3, 9181
0, 9343
1, 9181
2, 9181
3, 9181
0, 9343
1, 9181
2, 9181
3, 9181
0, 9343
1, 9181
2, 9181
3, 9181
0, 9343
1, 9181
2, 9181
3, 9181
0, 9343
1, 9181
2, 9181
3, 9181
0, 9343
1, 9181
2, 9181
3, 9181
0, 9343
1, 9181
2, 9181
3, 9181
0, 9343
1, 9181
2, 9181
3, 9181
0, 9343
1, 9181
2, 9181
3, 9181
0, 9343
1, 9181
2, 9181
3, 9181
0, 9343
1, 9181
2, 9181
3, 9181
0, 9343
1, 9181
2, 9181
3, 9181
0, 9343
1, 9181
2, 9181
3, 9181
0, 9343
1, 9181
2, 9181
3, 9181
0, 9343
1, 9181
2, 9181
3, 9181
0, 9343
1, 9181
2, 9181
3, 9181
0, 9343
1, 9181
2, 9181
3, 9181
0, 9343
1, 9181
2, 9181
3, 9181
0, 9343
1, 9181
2, 9181
3, 9181
0, 9343
1, 9181
2, 9181
3, 9181
0, 9343
1, 9181
2, 9181
3, 9181
0, 9343
1, 9181
2, 9181
3, 9181
0, 9343
1, 9181
2, 9181
3, 9181
0, 9343
1, 9181
2, 9181
3, 9181
