procs -----------memory---------- ---swap-- -----io---- -system-- -------cpu------- -----timestamp-----
 r  b   swpd   free   buff  cache   si   so    bi    bo   in   cs us sy id wa st gu                 UTC
 4  0    768 150229824 1948356 105274880    0    0   208   264 10986    5  7  1 92  0  0  0 2026-09-11 06:43:50
 1  0    768 149543564 1948364 105309732    0    0     0   108 14160 23567  5  1 94  0  0  0 2026-09-11 06:43:55
 1  0    768 147429824 1948372 105310072    0    0     0   158 35720 14948 68  5 27  0  0  0 2026-09-11 06:44:00
 1  0    768 146933612 1948376 105310484    0    0     0   119 14231 11822 15  1 83  0  0  0 2026-09-11 06:44:05
32  0    768 147142636 1948384 105310364    0    0     0   354 19056 13117 29  2 70  0  0  0 2026-09-11 06:44:10
 2  0    768 141077668 1948392 105310664    0    0     0   142 24672 58395 19  5 76  0  0  0 2026-09-11 06:44:15
 1  0    768 133927988 1948416 105310680    0    0     0   163 27081 72490 29  7 64  0  0  0 2026-09-11 06:44:20
 2  0    768 129455672 1948420 105310744    0    0     0    80 27102 74003 29  7 64  0  0  0 2026-09-11 06:44:25
66  0    768 124650344 1948424 105310800    0    0     0    69 26679 72834 28  7 65  0  0  0 2026-09-11 06:44:30
60  0    768 121517700 1948432 105310824    0    0     0    88 26646 72818 29  7 65  0  0  0 2026-09-11 06:44:35
 8  0    768 117079204 1948440 105310856    0    0     0   179 26666 72480 29  7 64  0  0  0 2026-09-11 06:44:40
 2  0    768 111015852 1948440 105310888    0    0     0     2 28006 74699 31  7 63  0  0  0 2026-09-11 06:44:45
62  0    768 106441280 1948448 105310916    0    0     0    72 26659 74101 29  7 64  0  0  0 2026-09-11 06:44:50
 1  0    768 103030600 1948456 105310960    0    0     0   100 28092 75272 31  7 63  0  0  0 2026-09-11 06:44:55
 1  0    768 105427380 1948464 105310944    0    0     0    94 13942 31190  9  3 88  0  0  0 2026-09-11 06:45:00
 2  0    768 102638756 1948472 105311260    0    0     0   238 58895 168428 21  8 71  0  0  0 2026-09-11 06:45:05
27  0    768 99674316 1948480 105311744    0    0     0   280 57172 161076 20  8 72  0  0  0 2026-09-11 06:45:10
13  0    768 97468456 1948488 105312180    0    0     0   390 40760 113874 13  6 81  0  0  0 2026-09-11 06:45:15
18  0    768 94516700 1948496 105312464    0    0     0   248 41821 116779 16  6 78  0  0  0 2026-09-11 06:45:20
 2  0    768 91965012 1948524 105312828    0    0     0   232 46680 127154 19  6 75  0  0  0 2026-09-11 06:45:25
 1  0    768 87960144 1948568 105313036    0    0     0   231 57642 166062 21  8 71  0  0  0 2026-09-11 06:45:30
procs -----------memory---------- ---swap-- -----io---- -system-- -------cpu------- -----timestamp-----
 r  b   swpd   free   buff  cache   si   so    bi    bo   in   cs us sy id wa st gu                 UTC
 1  0    768 83806008 1948584 105313152    0    0     0   169 58985 168017 22  8 70  0  0  0 2026-09-11 06:45:35
 1  0    768 79723472 1948608 105313540    0    0     0   135 56190 166020 21  8 71  0  0  0 2026-09-11 06:45:40
64  0    768 72040244 1948628 105646392    0    0     0   497 46058 143443 30 13 57  0  0  0 2026-09-11 06:45:45
34  0    768 65310668 1948636 105926380    0    0     0   204 83112 237120 55 16 29  0  0  0 2026-09-11 06:45:50
60  0    768 61800620 1948648 105926420    0    0     0    22 71061 178867 59 15 26  0  0  0 2026-09-11 06:45:55
70  0    768 60637336 1948648 105926540    0    0     0    64 72341 178338 62 16 22  0  0  0 2026-09-11 06:46:00
 6  0    768 60293308 1948656 105926568    0    0     0   111 73924 179557 61 16 23  0  0  0 2026-09-11 06:46:05
73  0    768 59311520 1948660 105926796    0    0     0    88 73030 182011 61 15 23  0  0  0 2026-09-11 06:46:10
 5  0    768 58548596 1948664 105926932    0    0     0   153 73090 183504 61 16 23  0  0  0 2026-09-11 06:46:15
69  0    768 59246428 1948668 105926916    0    0     0   119 71541 179180 61 16 23  0  0  0 2026-09-11 06:46:20
11  0    768 57858252 1948676 105926940    0    0     0     6 72409 180958 61 16 23  0  0  0 2026-09-11 06:46:25
63  0    768 58384928 1948684 105926944    0    0     0    76 72143 180857 61 15 24  0  0  0 2026-09-11 06:46:30
 5  0    768 56840772 1948716 105926972    0    0     0   201 73626 179459 61 16 24  0  0  0 2026-09-11 06:46:35
70  0    768 57214608 1948720 105927012    0    0     0    65 74249 183723 59 16 25  0  0  0 2026-09-11 06:46:40
74  0    768 58020376 1948720 105927020    0    0     0    87 74118 180393 62 16 22  0  0  0 2026-09-11 06:46:45
61  0    768 57875532 1948728 105927104    0    0    11   101 72365 181808 60 15 25  0  0  0 2026-09-11 06:46:50
63  0    768 57759404 1948736 105927128    0    0     0    20 70927 179313 60 15 25  0  0  0 2026-09-11 06:46:55
58  0    768 56497676 1948760 105927104    0    0     0   462 71732 179849 62 16 22  0  0  0 2026-09-11 06:47:00
42  0    768 56355372 1948764 105927108    0    0     0   158 70661 177219 61 15 24  0  0  0 2026-09-11 06:47:05
54  0    768 56832408 1948768 105927260    0    0     0    79 70830 179046 60 15 24  0  0  0 2026-09-11 06:47:10
121  0    768 57554720 1948776 105927356    0    0    17   108 39409 36318 77 21  3  0  0  0 2026-09-11 06:47:15
procs -----------memory---------- ---swap-- -----io---- -system-- -------cpu------- -----timestamp-----
 r  b   swpd   free   buff  cache   si   so    bi    bo   in   cs us sy id wa st gu                 UTC
84  0    768 58684068 1948780 105927516    0    0     0     6 37084 22281 74 25  1  0  0  0 2026-09-11 06:47:21
88  0    768 60047224 1948784 105927520    0    0     0   118 32757 20935 48 25 27  0  0  0 2026-09-11 06:47:26
69  0    768 60716796 1948784 105927520    0    0     0    54 36782 21915 73 26  1  0  0  0 2026-09-11 06:47:31
77  0    768 62462220 1948788 105927520    0    0     0    74 34273 23359 47 25 28  0  0  0 2026-09-11 06:47:36
75  0    768 63219296 1948792 105927532    0    0     0    90 38811 24420 69 30  1  0  0  0 2026-09-11 06:47:41
110  0    768 64547740 1948796 105927576    0    0     0    82 37926 25675 58 24 18  0  0  0 2026-09-11 06:47:46
166  0    768 65133092 1948804 105927584    0    0     0    12 38719 24588 79 21  0  0  0  0 2026-09-11 06:47:51
142  0    768 65408356 1948812 105927592    0    0     0   105 38517 23958 78 21  0  0  0  0 2026-09-11 06:47:56
192  0    768 65277752 1948820 105927592    0    0     0    78 38651 24330 82 17  0  0  0  0 2026-09-11 06:48:01
150  0    768 65501832 1948828 105927604    0    0     0    84 38554 24608 80 20  0  0  0  0 2026-09-11 06:48:06
118  0    768 64989992 1948828 105927616    0    0     2     4 40743 26467 78 21  0  0  0  0 2026-09-11 06:48:11
15  0    768 61381196 1948864 105927928    0    0     0   264 72371 185102 68 18 14  0  0  0 2026-09-11 06:48:16
 8  0    768 58494040 1948872 105927928    0    0     0    74 73188 188241 59 15 26  0  0  0 2026-09-11 06:48:21
72  0    768 58019860 1948880 105927932    0    0     0    86 72822 190490 60 15 25  0  0  0 2026-09-11 06:48:26
30  0    768 56393076 1948888 105927936    0    0     0    91 74000 190291 60 15 26  0  0  0 2026-09-11 06:48:31
 5  0    768 55544968 1948896 105927928    0    0     0    82 72211 183686 59 15 26  0  0  0 2026-09-11 06:48:36
49  0    768 55381432 1948900 105927936    0    0     0    77 73422 190952 59 15 26  0  0  0 2026-09-11 06:48:41
71  0    768 54384116 1948908 105927988    0    0     0    12 71852 190378 59 15 26  0  0  0 2026-09-11 06:48:46
35  0    768 55206688 1948916 105928068    0    0     9    97 72193 188089 59 15 27  0  0  0 2026-09-11 06:48:51
61  0    768 55255664 1948920 105928060    0    0     0   100 72572 190321 59 15 26  0  0  0 2026-09-11 06:48:56
97  0    768 54661240 1948924 105928028    0    0     0   102 60326 132660 66 17 17  0  0  0 2026-09-11 06:49:01
procs -----------memory---------- ---swap-- -----io---- -system-- -------cpu------- -----timestamp-----
 r  b   swpd   free   buff  cache   si   so    bi    bo   in   cs us sy id wa st gu                 UTC
105  0    768 56257392 1948932 105928036    0    0     0    83 35198 22343 65 26  9  0  0  0 2026-09-11 06:49:06
78  0    768 57510292 1948940 105928044    0    0     0    14 36823 23600 73 26  2  0  0  0 2026-09-11 06:49:11
68  0    768 58821720 1948948 105928344    0    0     0   142 35052 21588 55 26 19  0  0  0 2026-09-11 06:49:16
78  0    768 59484704 1948948 105928356    0    0     0    70 36619 21864 72 27  1  0  0  0 2026-09-11 06:49:21
57  0    768 61144756 1948988 105928448    0    0    18   190 35798 27447 38 26 35  0  0  0 2026-09-11 06:49:27
84  0    768 62184736 1948992 105928448    0    0     0    77 37542 22994 72 27  1  0  0  0 2026-09-11 06:49:32
149  0    768 62566684 1948996 105928448    0    0     0    88 37477 22980 74 25  0  0  0  0 2026-09-11 06:49:37
170  0    768 62813336 1948996 105928452    0    0     0     0 38251 23686 79 21  0  0  0  0 2026-09-11 06:49:42
178  0    768 62666736 1949004 105928492    0    0     6    91 38919 25471 79 21  0  0  0  0 2026-09-11 06:49:47
169  0    768 62818672 1949012 105928524    0    0    22    76 38628 23960 80 20  0  0  0  0 2026-09-11 06:49:52
68  0    768 63091360 1949020 105928960    0    0    63    82 37969 21812 77 22  1  0  0  0 2026-09-11 06:49:57
79  0    768 62593136 1949028 105928952    0    0     0   156 39008 23844 78 21  1  0  0  0 2026-09-11 06:50:02
76  0    768 63298156 1949032 105928960    0    0     0    65 39632 29596 68 25  8  0  0  0 2026-09-11 06:50:07
73  0    768 59537584 1949032 105929060    0    0     0    94 68935 199094 66 17 17  0  0  0 2026-09-11 06:50:12
19  0    768 56783512 1949036 105929132    0    0     0     8 71719 190112 60 15 25  0  0  0 2026-09-11 06:50:17
50  0    768 55643744 1949044 105929132    0    0     0   109 68900 186205 59 15 26  0  0  0 2026-09-11 06:50:22
68  0    768 64487728 1949052 105406980    0    0     0    97 70496 190183 59 15 26  0  0  0 2026-09-11 06:50:27
 0  0    768 142636988 1949076 105280892    0    0     0   341 15824 15828  5  6 89  0  0  0 2026-09-11 06:50:32
