procs -----------memory---------- ---swap-- -----io---- -system-- -------cpu------- -----timestamp-----
 r  b   swpd   free   buff  cache   si   so    bi    bo   in   cs us sy id wa st gu                 UTC
 2  0    768 151197620 1910968 104296412    0    0   208   260 10810    5  7  1 92  0  0  0 2026-09-11 05:36:33
 2  0    768 150543444 1910976 104331300    0    0     0    51 13803 23268  4  1 95  0  0  0 2026-09-11 05:36:38
11  0    768 148354980 1910976 104332488    0    0     0   151 35612 16063 68  5 27  0  0  0 2026-09-11 05:36:43
 1  0    768 148080160 1910984 104331976    0    0     0   157 14635 11811 16  1 83  0  0  0 2026-09-11 05:36:48
 9  0    768 148214408 1910992 104331740    0    0     0   290 17102 12000 27  2 71  0  0  0 2026-09-11 05:36:53
67  0    768 142617244 1910996 104331756    0    0     0   175 23631 52048 19  5 77  0  0  0 2026-09-11 05:36:58
 1  0    768 135679996 1911008 104331780    0    0     0   261 27407 72749 29  7 65  0  0  0 2026-09-11 05:37:03
60  0    768 130918420 1911016 104331788    0    0     0    34 25978 72219 28  7 65  0  0  0 2026-09-11 05:37:08
 1  0    768 126873360 1911016 104332136    0    0     0    92 27774 74402 29  7 64  0  0  0 2026-09-11 05:37:13
 1  0    768 122082356 1911020 104332148    0    0     0   145 26697 72421 29  7 64  0  0  0 2026-09-11 05:37:18
 1  0    768 118544084 1911020 104332144    0    0     0   117 26258 70943 28  7 65  0  0  0 2026-09-11 05:37:23
 2  0    768 114450284 1911024 104332144    0    0     0    90 26920 72724 29  7 64  0  0  0 2026-09-11 05:37:28
 2  0    768 109599696 1911028 104332148    0    0     0    32 27127 73393 29  7 64  0  0  0 2026-09-11 05:37:33
 3  0    768 106230868 1911036 104332168    0    0     0    67 26961 73159 30  7 64  0  0  0 2026-09-11 05:37:38
 1  0    768 108402764 1911040 104332172    0    0     0   101 19200 47164 15  5 81  0  0  0 2026-09-11 05:37:43
22  0    768 106416416 1911048 104332496    0    0     0   106 45450 132269 14  7 79  0  0  0 2026-09-11 05:37:48
12  0    768 103575744 1911060 104332848    0    0     0   348 39662 109372 15  6 80  0  0  0 2026-09-11 05:37:53
 2  0    768 101583052 1911068 104333176    0    0     0   362 42701 108383 18  5 77  0  0  0 2026-09-11 05:37:58
 1  0    768 98066028 1911072 104333472    0    0    10   325 59053 168677 22  8 70  0  0  0 2026-09-11 05:38:03
 1  0    768 93951776 1911092 104333628    0    0     0   385 58572 168319 21  8 71  0  0  0 2026-09-11 05:38:08
 1  0    768 90054472 1911120 104334340    0    0     0   254 59276 170147 22  8 71  0  0  0 2026-09-11 05:38:13
procs -----------memory---------- ---swap-- -----io---- -system-- -------cpu------- -----timestamp-----
 r  b   swpd   free   buff  cache   si   so    bi    bo   in   cs us sy id wa st gu                 UTC
42  1    768 86813368 1911136 104334712    0    0     0   210 50702 147611 17  7 76  0  0  0 2026-09-11 05:38:18
15  0    768 83868744 1911156 104335108    0    0     0   227 41505 115264 14  6 80  0  0  0 2026-09-11 05:38:23
48  0    768 78919280 1911184 104366280    0    0    10   291 42779 117131 19  6 75  0  0  0 2026-09-11 05:38:28
71  0    768 69012140 1911196 104947504    0    0     0   330 88800 257406 57 19 24  0  0  0 2026-09-11 05:38:33
 7  0    768 63712992 1911200 104947512    0    0     0    34 71205 182150 61 16 23  0  0  0 2026-09-11 05:38:38
 5  0    768 61836496 1911204 104947528    0    0     0    93 72108 180005 63 16 21  0  0  0 2026-09-11 05:38:43
71  0    768 60782092 1911208 104947568    0    0     0    82 69471 181764 61 15 24  0  0  0 2026-09-11 05:38:48
66  0    768 60450732 1911216 104947388    0    0     0   118 70022 180580 62 15 23  0  0  0 2026-09-11 05:38:53
10  0    768 60540816 1911224 104947400    0    0     0    77 71433 181787 62 15 23  0  0  0 2026-09-11 05:38:58
57  0    768 59535852 1911228 104947416    0    0     0   117 69207 179545 60 15 25  0  0  0 2026-09-11 05:39:03
47  0    768 57411512 1911232 104947424    0    0     0    17 71683 182625 61 15 24  0  0  0 2026-09-11 05:39:08
58  0    768 58252296 1911236 104947768    0    0     0   103 69948 184294 60 15 24  0  0  0 2026-09-11 05:39:13
41  0    768 57551108 1911268 104947772    0    0     0   247 69994 180563 61 15 24  0  0  0 2026-09-11 05:39:18
 5  0    768 57310712 1911272 104947780    0    0     0    86 70026 180813 61 15 25  0  0  0 2026-09-11 05:39:23
68  0    768 57470500 1911280 104947784    0    0     0    93 68924 178690 60 15 24  0  0  0 2026-09-11 05:39:28
 6  0    768 56909892 1911284 104947784    0    0     0    37 70665 177567 62 15 23  0  0  0 2026-09-11 05:39:33
72  0    768 57525384 1911288 104947784    0    0     0    80 71173 180994 61 15 24  0  0  0 2026-09-11 05:39:38
 5  0    768 57368256 1911296 104947808    0    0     0    92 71629 179550 61 15 24  0  0  0 2026-09-11 05:39:43
72  0    768 56714620 1911304 104947836    0    0     0    90 68917 180705 61 15 25  0  0  0 2026-09-11 05:39:48
10  0    768 57696764 1911312 104947836    0    0     0    98 70001 180492 61 15 24  0  0  0 2026-09-11 05:39:53
56  0    768 56982444 1911316 104947840    0    0     0   107 70550 181538 61 15 24  0  0  0 2026-09-11 05:39:58
procs -----------memory---------- ---swap-- -----io---- -system-- -------cpu------- -----timestamp-----
 r  b   swpd   free   buff  cache   si   so    bi    bo   in   cs us sy id wa st gu                 UTC
72  0    768 56904480 1911324 104947884    0    0     6    14 70299 179075 62 15 23  0  0  0 2026-09-11 05:40:03
81  0    768 57069436 1911324 104947904    0    0     0   112 51646 94190 67 20 13  0  0  0 2026-09-11 05:40:08
10  0    768 58489272 1911328 104948208    0    0     0   105 38609 27844 66 26  8  0  0  0 2026-09-11 05:40:13
59  0    768 60163156 1911336 104948384    0    0     0    71 33641 20535 61 26 13  0  0  0 2026-09-11 05:40:18
75  0    768 61676396 1911340 104948384    0    0     0    93 35924 21821 67 29  4  0  0  0 2026-09-11 05:40:23
85  0    768 62597112 1911372 104948388    0    0     0   186 36846 23213 71 27  1  0  0  0 2026-09-11 05:40:28
62  0    768 63371756 1911380 104948388    0    0     0    12 35782 23389 53 27 20  0  0  0 2026-09-11 05:40:33
90  0    768 64765036 1911388 104948388    0    0     0   177 38373 24448 73 26  1  0  0  0 2026-09-11 05:40:38
82  0    768 64874884 1911388 104948392    0    0     0    88 39002 24891 72 27  1  0  0  0 2026-09-11 05:40:43
76  0    768 65146532 1911412 104948404    0    0     0    98 39544 24006 79 21  0  0  0  0 2026-09-11 05:40:48
83  0    768 65500596 1911432 104948436    0    0     0   393 39007 23341 75 24  1  0  0  0 2026-09-11 05:40:53
101  0    768 65867460 1911440 104948444    0    0     0   102 39332 24297 77 22  1  0  0  0 2026-09-11 05:40:58
157  0    768 65759576 1911448 104948456    0    0     2    58 39086 24105 79 20  0  0  0  0 2026-09-11 05:41:03
49  0    768 63780372 1911452 104948632    0    0     0   125 53800 113837 69 19 12  0  0  0 2026-09-11 05:41:08
72  0    768 60454108 1911460 104948812    0    0     0    98 74034 192953 64 16 20  0  0  0 2026-09-11 05:41:13
 9  0    768 57605428 1911468 104948820    0    0     0    74 73375 193739 61 15 25  0  0  0 2026-09-11 05:41:18
72  0    768 57444448 1911476 104948868    0    0     9    98 70231 190174 59 14 27  0  0  0 2026-09-11 05:41:23
66  0    768 54839740 1911480 104948868    0    0     0    75 73396 193318 61 15 24  0  0  0 2026-09-11 05:41:28
48  0    768 56112392 1911484 104948872    0    0     0    81 71773 189793 60 14 26  0  0  0 2026-09-11 05:41:33
79  0    768 56864408 1911492 104948872    0    0     0   118 68122 186428 58 14 27  0  0  0 2026-09-11 05:41:38
 4  0    768 55838576 1911500 104948888    0    0     0    18 68071 187944 58 14 27  0  0  0 2026-09-11 05:41:43
procs -----------memory---------- ---swap-- -----io---- -system-- -------cpu------- -----timestamp-----
 r  b   swpd   free   buff  cache   si   so    bi    bo   in   cs us sy id wa st gu                 UTC
31  0    768 55128504 1911508 104948920    0    0     0    84 68427 191180 59 14 27  0  0  0 2026-09-11 05:41:48
80  0    768 54014824 1911512 104948896    0    0     0   108 55131 113937 66 19 15  0  0  0 2026-09-11 05:41:53
19  0    768 54854460 1911520 104948896    0    0     0    85 33187 23799 45 23 32  0  0  0 2026-09-11 05:41:59
90  0    768 56636712 1911540 104948976    0    0    12   174 34806 25320 52 28 20  0  0  0 2026-09-11 05:42:04
94  0    768 58822940 1911548 104948980    0    0     0    75 36333 24090 69 29  2  0  0  0 2026-09-11 05:42:09
94  0    768 61078712 1911556 104948980    0    0     0   123 37941 27116 72 27  1  0  0  0 2026-09-11 05:42:14
191  0    768 62174168 1911564 104949312    0    0     0    93 36751 24169 77 22  0  0  0  0 2026-09-11 05:42:19
116  0    768 63192544 1911564 104949316    0    0     0     0 37320 23636 75 25  0  0  0  0 2026-09-11 05:42:24
198  0    768 63988784 1911568 104949320    0    0     0    98 38570 25166 79 21  0  0  0  0 2026-09-11 05:42:29
202  0    768 63723608 1911568 104949320    0    0     0   158 40216 25380 80 20  0  0  0  0 2026-09-11 05:42:34
125  0    768 63340400 1911580 104949316    0    0     0   122 39465 24425 78 22  0  0  0  0 2026-09-11 05:42:39
112  0    768 62954480 1911580 104949332    0    0     0    54 41427 27131 79 20  1  0  0  0 2026-09-11 05:42:44
66  0    768 62744564 1911588 104949364    0    0     0   106 38785 22470 75 22  3  0  0  0 2026-09-11 05:42:50
341  0    768 62978124 1911596 104949376    0    0     0    13 45782 83753 72 21  8  0  0  0 2026-09-11 05:42:55
 9  0    768 58155048 1911600 104949372    0    0     0   106 69180 189831 61 15 24  0  0  0 2026-09-11 05:43:00
68  0    768 57152224 1911604 104949468    0    0    16    89 69058 190736 60 15 26  0  0  0 2026-09-11 05:43:05
 0  0    768 143185336 1911612 104301672    0    0     0   106 21501 29246 10  8 82  0  0  0 2026-09-11 05:43:10
