procs -----------memory---------- ---swap-- -----io---- -system-- -------cpu------- -----timestamp-----
 r  b   swpd   free   buff  cache   si   so    bi    bo   in   cs us sy id wa st gu                 UTC
 5  0    768 151202172 1912820 104311784    0    0   208   260 10853    5  7  1 92  0  0  0 2026-09-11 05:53:32
 1  0    768 150521372 1912820 104347052    0    0     0    74 14065 23422  4  1 94  0  0  0 2026-09-11 05:53:37
 3  0    768 148376524 1912824 104347324    0    0     0   105 36017 15553 69  5 27  0  0  0 2026-09-11 05:53:42
 1  0    768 147971948 1912828 104347644    0    0     0  1566 14658 12344 16  1 83  0  0  0 2026-09-11 05:53:47
 3  0    768 148284612 1912836 104347736    0    0     0   348 17529 11986 28  2 71  0  0  0 2026-09-11 05:53:52
44  0    768 142287060 1912844 104347516    0    0     0   125 23146 53162 19  5 76  0  0  0 2026-09-11 05:53:57
 1  0    768 135139560 1912848 104347532    0    0     0   186 26831 72872 28  7 65  0  0  0 2026-09-11 05:54:02
 2  0    768 130177308 1912856 104347604    0    0     0    15 27439 73606 29  7 64  0  0  0 2026-09-11 05:54:07
63  0    768 125904856 1912868 104347932    0    0     0   209 27908 75670 28  7 65  0  0  0 2026-09-11 05:54:12
64  0    768 120596328 1912872 104347972    0    0     0   102 27591 73329 30  7 64  0  0  0 2026-09-11 05:54:17
58  0    768 116878032 1912880 104348000    0    0     0   104 30507 73606 33  7 61  0  0  0 2026-09-11 05:54:22
 1  0    768 111919412 1912880 104348000    0    0     0    65 27270 73823 30  7 63  0  0  0 2026-09-11 05:54:27
56  0    768 107938236 1912884 104348040    0    0     0   118 27413 75181 30  7 64  0  0  0 2026-09-11 05:54:32
 1  0    768 102954368 1912888 104348088    0    0     0    94 27650 73790 31  7 63  0  0  0 2026-09-11 05:54:37
 1  0    768 104772536 1912892 104348088    0    0     0    85 16641 37635 12  4 85  0  0  0 2026-09-11 05:54:42
 1  0    768 102348172 1912896 104348436    0    0     0   162 58580 168143 21  8 71  0  0  0 2026-09-11 05:54:47
29  0    768 100649984 1912896 104348692    0    0     0   245 43951 127360 12  7 81  0  0  0 2026-09-11 05:54:52
19  0    768 98151452 1912900 104348992    0    0     0   225 41802 115127 16  6 78  0  0  0 2026-09-11 05:54:57
 2  0    768 96493124 1912912 104349332    0    0     0   134 41272 105395 17  5 78  0  0  0 2026-09-11 05:55:02
 2  0    768 92586096 1912940 104349596    0    0     0   367 58236 168194 22  8 70  0  0  0 2026-09-11 05:55:07
 1  0    768 88541404 1912952 104350116    0    0     0   235 59012 169043 21  8 71  0  0  0 2026-09-11 05:55:12
procs -----------memory---------- ---swap-- -----io---- -system-- -------cpu------- -----timestamp-----
 r  b   swpd   free   buff  cache   si   so    bi    bo   in   cs us sy id wa st gu                 UTC
 1  0    768 84633340 1912988 104350528    0    0     0   371 57266 166775 21  8 71  0  0  0 2026-09-11 05:55:17
47  0    768 80368092 1913012 104350908    0    0     0   139 57748 165496 21  8 71  0  0  0 2026-09-11 05:55:22
168  0    768 73604776 1913036 104545332    0    0     0    74 36715 116885 16 10 74  0  0  0 2026-09-11 05:55:27
66  0    768 65479868 1913036 105029144    0    0     0   108 82317 217316 60 16 25  0  0  0 2026-09-11 05:55:32
 8  0    768 62212972 1913040 105029180    0    0     0   304 66711 171607 58 15 27  0  0  0 2026-09-11 05:55:37
114  0    768 61652040 1913040 105029232    0    0     0    84 69082 182208 61 16 23  0  0  0 2026-09-11 05:55:42
69  0    768 61859936 1913048 105029332    0    0     0    70 70120 177997 61 16 23  0  0  0 2026-09-11 05:55:47
 6  0    768 59614656 1913068 105029348    0    0     0   462 69707 182863 61 15 24  0  0  0 2026-09-11 05:55:52
39  0    768 60359136 1913072 105029376    0    0     2    69 70669 183496 61 15 24  0  0  0 2026-09-11 05:55:57
 6  0    768 60200048 1913076 105029388    0    0     0   198 69551 183457 61 16 24  0  0  0 2026-09-11 05:56:02
66  0    768 58257064 1913084 105029404    0    0     0    85 69346 180282 60 15 24  0  0  0 2026-09-11 05:56:07
63  0    768 58356736 1913092 105029864    0    0    23    38 71811 184330 60 15 25  0  0  0 2026-09-11 05:56:12
 5  0    768 57877784 1913100 105029872    0    0     0   139 71625 179188 62 15 23  0  0  0 2026-09-11 05:56:17
71  0    768 56960404 1913108 105029960    0    0    13   124 70721 182367 61 16 23  0  0  0 2026-09-11 05:56:22
82  0    768 57613416 1913116 105029980    0    0     0    71 70937 179635 61 16 23  0  0  0 2026-09-11 05:56:27
72  0    768 56300884 1913120 105030004    0    0     0    80 68466 176649 61 15 24  0  0  0 2026-09-11 05:56:32
67  0    768 57134964 1913128 105030056    0    0    10    80 69642 182003 60 15 24  0  0  0 2026-09-11 05:56:37
63  0    768 56944308 1913132 105030084    0    0     0     5 69946 179787 61 16 23  0  0  0 2026-09-11 05:56:42
 5  0    768 57461492 1913140 105030236    0    0    22    94 68688 176650 61 16 24  0  0  0 2026-09-11 05:56:47
69  0    768 55531712 1913148 105030324    0    0     8   108 69537 179125 61 15 24  0  0  0 2026-09-11 05:56:52
45  0    768 56859688 1913156 105030468    0    0    27    67 69198 179356 62 15 23  0  0  0 2026-09-11 05:56:57
procs -----------memory---------- ---swap-- -----io---- -system-- -------cpu------- -----timestamp-----
 r  b   swpd   free   buff  cache   si   so    bi    bo   in   cs us sy id wa st gu                 UTC
74  0    768 56231472 1913156 105030472    0    0     0   100 68685 177929 58 14 27  0  0  0 2026-09-11 05:57:02
70  0    768 56911364 1913172 105030460    0    0     0   167 69483 180153 60 16 25  0  0  0 2026-09-11 05:57:07
78  0    768 56236368 1913176 105030624    0    0     0    26 50584 95977 59 18 24  0  0  0 2026-09-11 05:57:12
90  0    768 57012448 1913180 105030792    0    0     0   114 37129 23708 73 26  1  0  0  0 2026-09-11 05:57:17
63  0    768 59141712 1913180 105030792    0    0     0   139 33529 19746 56 32 12  0  0  0 2026-09-11 05:57:22
71  0    768 60528184 1913184 105030792    0    0     0    86 36210 22462 70 29  1  0  0  0 2026-09-11 05:57:27
92  0    768 62305300 1913192 105030792    0    0     0    88 36022 23466 62 28  9  0  0  0 2026-09-11 05:57:32
93  0    768 64238636 1913200 105030840    0    0    10    78 38471 24778 61 29 11  0  0  0 2026-09-11 05:57:37
125  0    768 64958308 1913204 105030844    0    0     0     5 38034 23342 69 30  1  0  0  0 2026-09-11 05:57:42
169  0    768 65271032 1913204 105030860    0    0     0    74 40123 26354 74 26  0  0  0  0 2026-09-11 05:57:48
158  0    768 65298944 1913204 105030888    0    0     0   106 38075 22641 76 24  0  0  0  0 2026-09-11 05:57:53
162  0    768 65938728 1913212 105030900    0    0     0   154 38651 23947 78 22  0  0  0  0 2026-09-11 05:57:58
131  0    768 65922888 1913212 105030904    0    0     0    61 39132 24535 75 25  0  0  0  0 2026-09-11 05:58:03
110  0    768 65418052 1913220 105030920    0    0     2    16 38121 22242 78 22  0  0  0  0 2026-09-11 05:58:08
163  0    768 64423236 1913220 105031264    0    0     0    84 53366 93653 73 22  6  0  0  0 2026-09-11 05:58:13
67  0    768 61388948 1913244 105031268    0    0     0   234 69950 191455 63 16 21  0  0  0 2026-09-11 05:58:18
66  0    768 57864536 1913252 105031284    0    0     0   104 68947 186983 59 15 26  0  0  0 2026-09-11 05:58:23
66  0    768 57526192 1913260 105031308    0    0     0   110 68658 189158 59 15 26  0  0  0 2026-09-11 05:58:28
65  0    768 56919804 1913268 105031288    0    0     0     5 68667 188842 60 15 25  0  0  0 2026-09-11 05:58:33
 5  0    768 56538236 1913276 105031280    0    0     0    82 66708 183940 59 14 27  0  0  0 2026-09-11 05:58:38
 4  0    768 54575608 1913284 105031292    0    0     0    95 70107 191663 59 15 25  0  0  0 2026-09-11 05:58:43
procs -----------memory---------- ---swap-- -----io---- -system-- -------cpu------- -----timestamp-----
 r  b   swpd   free   buff  cache   si   so    bi    bo   in   cs us sy id wa st gu                 UTC
69  0    768 54683840 1913284 105031316    0    0     0    86 67583 186548 59 15 26  0  0  0 2026-09-11 05:58:48
71  0    768 54016388 1913288 105031316    0    0     0   102 69923 190943 60 15 25  0  0  0 2026-09-11 05:58:53
85  0    768 54059708 1913296 105031324    0    0     0    79 64593 168153 62 15 23  0  0  0 2026-09-11 05:58:58
62  0    768 55679440 1913296 105031376    0    0     0     6 36180 24143 58 26 16  0  0  0 2026-09-11 05:59:03
56  0    768 57369768 1913300 105031384    0    0     0    91 34873 20718 70 28  1  0  0  0 2026-09-11 05:59:08
84  0    768 59278076 1913308 105031392    0    0     0    94 38399 25140 72 24  4  0  0  0 2026-09-11 05:59:13
15  0    768 59892704 1913324 105031728    0    0     0   246 36083 23092 63 28 10  0  0  0 2026-09-11 05:59:18
72  0    768 60870832 1913332 105031732    0    0     0   107 36662 23805 61 27 12  0  0  0 2026-09-11 05:59:23
12  0    768 62179352 1913340 105031736    0    0     0    11 37661 26948 52 29 19  0  0  0 2026-09-11 05:59:28
111  0    768 63936844 1913348 105031736    0    0     0    96 36776 22898 75 24  2  0  0  0 2026-09-11 05:59:33
196  0    768 64433876 1913352 105031736    0    0     0    85 38234 24186 77 23  0  0  0  0 2026-09-11 05:59:38
187  0    768 64586928 1913352 105031736    0    0     0    71 38979 26111 79 20  0  0  0  0 2026-09-11 05:59:43
231  0    768 64728404 1913360 105031740    0    0     0     7 39116 24415 80 20  0  0  0  0 2026-09-11 05:59:48
145  0    768 64502976 1913360 105031788    0    0     0    63 37958 23749 79 21  0  0  0  0 2026-09-11 05:59:53
191  0    768 63957288 1913368 105031784    0    0     0    87 39177 24692 80 20  0  0  0  0 2026-09-11 05:59:59
75  0    768 62027944 1913368 105031796    0    0     0    99 56600 122947 72 20  9  0  0  0 2026-09-11 06:00:04
 1  0    768 133341240 1913372 104442940    0    0     0    70 54162 125491 41 15 44  0  0  0 2026-09-11 06:00:09
